3.280000
3.220000
3.160000
3.340000
3.256000
3.080000
3.057143
3.060000
3.044444
3.176000
3.163636
3.180000
3.153846
3.154286
3.130667
3.162500
3.127059
3.164444
3.141053
3.192000
3.074286
3.125455
3.144348
3.155000
3.206400
3.133846
3.088889
3.125714
3.148966
3.137333
3.134194
3.143750
3.141818
3.097647
3.157714
3.080000
3.116757
3.149474
3.121026
3.143000
3.146341
3.131429
3.132093
3.177273
3.132444
3.163478
3.131915
3.185000
3.140408
3.121600
3.141176
3.119231
3.138113
3.120000
3.135273
3.110714
3.160702
3.157241
3.168814
3.108667
3.148852
3.129677
3.147302
3.116250
3.107692
3.118182
3.162985
3.114706
3.150725
3.144571
3.156620
3.123889
3.119452
3.148108
3.121600
3.133684
3.156364
3.137436
3.155443
3.114000
3.133827
3.140976
3.180723
3.135238
3.150588
3.149767
3.138851
3.175455
3.122247
3.133778
3.155165
3.150870
3.137634
3.125957
3.129263
3.158333
3.132784
3.144490
3.132525
3.136800
3.165149
3.120000
3.146019
3.123077
3.148952
3.145283
3.147290
3.148148
3.152294
3.129455
3.176577
3.129643
3.167434
3.148070
3.142957
3.152414
3.149060
3.160000
3.147563
3.114000
3.111405
3.125902
3.136260
3.140323
3.149120
3.145397
3.127559
3.141563
3.147287
3.135692
3.137099
3.141818
3.157293
3.142985
3.148444
3.148529
3.135766
3.134203
3.140719
3.160571
3.154043
3.155493
3.146294
3.149167
3.143172
3.122192
3.144490
3.145405
3.131007
3.119467
3.148874
3.122895
3.139869
3.134026
3.142710
3.139231
3.115924
3.150633
3.138616
3.136000
3.148323
3.153086
3.145276
3.116829
3.134303
3.145542
3.142275
3.138333
3.164024
3.137882
3.133801
3.161163
3.141040
3.165977
3.161143
3.142045
3.147571
3.151685
3.115754
3.150444
3.155580
3.116264
3.145137
3.154565
3.143784
3.144731
3.147380
3.162766
3.127407
3.138316
3.158115
3.151250
3.135337
3.118144
3.165949
3.138367
3.135025
3.135152
3.128241
3.137200
3.145672
3.140396
3.163547
3.143529
3.147707
3.141942
3.136618
3.134423
3.134545
3.137333
3.132891
3.146981
3.141033
3.135140
3.154047
3.137037
3.149124
3.153578
3.126575
3.152000
3.150588
3.138919
3.159641
3.138571
3.118044
3.138053
3.128987
3.131930
3.143930
3.148000
3.142165
3.153276
3.142318
3.124786
3.134468
3.149661
3.131477
3.134790
3.143933
3.142667
3.146224
3.154215
3.142387
3.137869
3.158694
3.145854
3.137328
3.121129
3.112450
3.141440
3.126375
3.153651
3.149723
3.134646
3.155765
3.148594
3.134942
3.133023
3.130039
3.150615
3.154636
3.138626
3.130342
3.145909
3.147472
3.138947
3.138577
3.132985
3.142900
3.148148
3.148635
3.150147
3.155165
3.118248
3.151709
3.155797
3.138773
3.140288
3.143082
3.122571
3.148470
3.134326
3.133993
3.134225
3.134316
3.146713
3.132683
3.141250
3.131626
3.132828
3.144467
3.136438
3.143754
3.143265
3.138847
3.145946
3.137778
3.136913
3.143679
3.132933
3.122924
3.154172
3.146007
3.145132
3.149377
3.165098
3.128208
3.141169
3.152492
3.159226
3.140579
3.135128
3.136869
3.148790
3.157841
3.151392
3.125174
3.142013
3.148339
3.129875
3.139938
3.151553
3.156161
3.142716
3.135754
3.132515
3.127584
3.152683
3.141033
3.155394
3.123384
3.148675
3.150871
3.140719
3.137433
3.147857
3.149080
3.155266
3.133215
3.145529
3.137243
3.140117
3.140875
3.118953
3.137855
3.136185
3.160115
3.136667
3.147163
3.137486
3.140855
3.152159
3.148669
3.139661
3.133408
3.144494
3.142633
3.156760
3.142953
3.134444
3.144155
3.142983
3.128705
3.137143
3.144219
3.155738
3.142016
3.148261
3.137561
3.135784
3.148356
3.151183
3.132761
3.133262
3.139307
3.126702
3.151936
3.152381
3.152084
3.132632
3.131654
3.150471
3.134621
3.142708
3.154494
3.162073
3.160310
3.148247
3.145193
3.149641
3.126445
3.140510
3.147481
3.146599
3.145418
3.139798
3.140655
3.146734
3.151479
3.145200
3.134065
3.144179
3.152854
3.148119
3.144988
3.127586
3.142015
3.156471
3.146015
3.140000
3.157178
3.149223
3.131719
3.150821
3.141108
3.151635
3.139568
3.140191
3.144439
3.142190
3.131971
3.144739
3.138251
3.134340
3.130165
3.123944
3.149789
3.155047
3.150117
3.138605
3.143666
3.151111
3.146143
3.140645
3.145655
3.136789
3.136842
3.144018
3.142141
3.144455
3.125261
3.138824
3.136253
3.131982
3.157663
3.138834
3.129843
3.136607
3.137639
3.134756
3.143858
3.140088
3.138278
3.141498
3.141890
3.146579
3.154136
3.143668
3.133072
3.140261
3.148633
3.145195
3.139698
3.142500
3.147527
3.144120
3.143126
3.150769
3.137910
3.148851
3.143015
3.139237
3.146977
3.142700
3.151074
3.136723
3.126709
3.134142
3.136868
3.145500
3.125655
3.158091
3.145424
3.142893
3.141938
3.141975
3.136016
3.132787
3.133415
3.140082
3.135886
3.140325
3.146045
3.147692
3.134707
3.131210
3.138913
3.148273
3.145170
3.137520
3.136287
3.139283
3.147356
3.139524
3.139089
3.122451
3.139487
3.143622
3.141139
3.149804
3.143718
3.136953
3.144795
3.153307
3.139806
3.124109
3.143443
3.140386
3.139884
3.148923
3.140576
3.139080
3.148069
3.129466
3.144305
3.144715
3.149070
3.150985
3.139887
3.143623
3.147797
3.136842
3.144765
3.142172
3.136449
3.137612
3.150838
3.140000
3.141596
3.142444
3.127911
3.129077
3.139300
3.142500
3.151560
3.132015
3.147934
3.142482
3.145428
3.144145
3.153103
3.148913
3.130633
3.137473
3.145225
3.139137
3.140467
3.147168
3.135671
3.140143
3.137540
3.137509
3.153819
3.142837
3.148602
3.140000
3.149559
3.149155
3.138559
3.143860
3.140665
3.136294
3.134869
3.138885
3.148243
3.137569
3.134697
3.148581
3.136718
3.146069
3.152358
3.133814
3.139623
3.144110
3.133197
3.141024
3.135264
3.147755
3.140170
3.141288
3.144772
3.136689
3.140776
3.134343
3.153008
3.144228
3.142178
3.140803
3.138965
3.143133
3.140499
3.137143
3.153897
3.136689
3.130446
3.140792
3.141483
3.147763
3.134384
3.134033
3.125434
3.141111
3.152170
3.140782
3.136390
3.138766
3.147099
3.133657
3.132536
3.149935
3.154138
3.147138
3.143371
3.137949
3.144832
3.133482
3.137990
3.135096
3.150270
3.147873
3.145230
3.134747
3.138325
3.145426
3.156031
3.143522
3.150706
3.139498
3.136025
3.151562
3.131045
3.142928
3.136423
3.143043
3.141643
3.133808
3.138485
3.153272
3.135285
3.142400
3.139048
3.149080
3.132312
3.131498
3.129160
3.131402
3.144718
3.143100
3.152838
3.152970
3.140575
3.136918
3.141599
3.133373
3.148150
3.148228
3.143028
3.142395
3.143438
3.149433
3.139195
3.141845
3.147459
3.140950
3.147437
3.135976
3.150606
3.143599
3.140088
3.136176
3.138326
3.134897
3.142196
3.136140
3.144818
3.144431
3.138282
3.139767
3.144151
3.141101
3.151896
3.150000
3.140837
3.141844
3.136115
3.137069
3.136356
3.144756
3.139800
3.129314
3.144708
3.144330
3.143898
3.141193
3.152340
3.134674
3.133579
3.144011
3.126657
3.147718
3.137384
3.145281
3.144011
3.145266
3.147021
3.151006
3.133947
3.146852
3.133741
3.145167
3.141803
3.159114
3.131950
3.151381
3.144276
3.148264
3.137992
3.150330
3.134431
3.128986
3.144460
3.143388
3.141555
3.147357
3.132136
3.137011
3.139050
3.136856
3.143437
3.149405
3.141646
3.133747
3.134105
3.148925
3.147705
3.151582
3.141151
3.141230
3.133618
3.146080
3.142796
3.134894
3.151766
3.142706
3.147762
3.140688
3.148005
3.141266
3.133228
3.145105
3.142654
3.136273
3.151822
3.138901
3.136889
3.138642
3.137210
3.147708
3.142315
3.148571
3.137224
3.141658
3.143752
3.135762
3.136671
3.145464
3.134517
3.129254
3.143723
3.130256
3.138643
3.137391
3.139515
3.142041
3.137834
3.139644
3.151055
3.146751
3.127757
3.142734
3.136233
3.156010
3.156974
3.135466
3.138516
3.146935
3.140025
3.149825
3.136971
3.144150
3.141823
3.150474
3.140672
3.144229
3.139130
3.140943
3.137001
3.139851
3.144920
3.140049
3.135487
3.133793
3.141599
3.154103
3.142380
3.149363
3.136989
3.146993
3.137045
3.143268
3.149184
3.152555
3.138226
3.156019
3.139879
3.143148
3.139589
3.135942
3.134572
3.147084
3.138099
3.151010
3.146747
3.132374
3.150994
3.148038
3.141027
3.140334
3.142837
3.141524
3.145303
3.142708
3.143867
3.147156
3.147408
3.134563
3.147532
3.136840
3.135077
3.144659
3.150881
3.143380
3.139883
3.135550
3.149520
3.146168
3.141097
3.142145
3.146263
3.142558
3.145691
3.132900
3.139699
3.139491
3.149503
3.139030
3.147405
3.144286
3.145178
3.138437
3.154902
3.144220
3.151569
3.141922
3.142629
3.144429
3.134869
3.141048
3.142981
3.154682
3.143837
3.142041
3.141971
3.135023
3.141062
3.137923
3.140203
3.145811
3.141147
3.138517
3.150976
3.134126
3.137380
3.124295
3.141363
3.137277
3.133423
3.141826
3.146518
3.138400
3.132919
3.134368
3.150565
3.147080
3.134939
3.143488
3.148754
3.146167
3.139582
3.139824
3.130626
3.149518
3.143264
3.140131
3.148590
3.138952
3.139673
3.136601
3.137236
3.141739
3.153485
3.145987
3.147779
3.140909
3.140281
3.132873
3.139461
3.159138
3.149968
3.146323
3.134995
3.138970
3.143108
3.148694
3.141176
3.141325
3.149883
3.143966
3.145048
3.143234
3.139469
3.148025
3.140827
3.151737
3.137947
3.146216
3.139388
3.144684
3.149842
3.137305
3.137624
3.145084
3.146317
3.140713
3.140063
3.130293
3.140146
3.142589
3.136058
3.137417
3.146930
3.137713
3.145628
3.149793
3.138197
3.139917
3.147053
3.141198
3.143571
3.147216
3.145129
3.143169
3.147626
3.142177
3.141046
3.144795
3.144974
3.141391
3.151256
3.147224
3.138512
3.144481
3.140549
3.140813
3.143959
3.139959
3.135522
3.141984
3.147907
3.144525
3.146438
3.141411
3.147231
3.145392
3.138332
3.133735
3.137854
3.139279
3.140741
3.143000
3.132947
3.137086
3.140937
3.138964
3.150965
3.139324
3.157895
3.137976
3.145292
3.137030
3.144055
3.133202
3.134689
3.137475
3.142227
3.138976
3.148594
3.150138
3.150343
3.144863
3.138648
3.137652
3.153783
3.143750
3.133580
3.135127
3.144654
3.141479
3.143518
3.144311
3.133773
3.143217
3.143272
3.134623
3.142531
3.137954
3.147001
3.144277
3.144870
3.140269
3.145437
3.148369
3.153557
3.142414
3.150354
3.140382
3.143343
3.148740
3.142421
3.136038
3.154520
3.136730
3.133675
3.144592
3.141308
3.145530
3.139943
3.149603
3.150406
3.135623
3.143299
3.142825
3.141599
3.141429
3.140169
3.144353
3.143693
3.139663
3.146529
3.139327
3.136993
3.137612
3.134762
3.139367
3.137153
3.140669
3.140167
3.145863
3.140908
3.142778
3.143016
3.138780
3.131893
3.145830
3.141862
3.133738
3.137626
3.136103
3.150487
3.132844
3.133566
3.144542
3.140274
3.136380
3.142320
3.145876
3.142607
3.137158
3.148790
3.144182
3.145976
3.144900
3.135014
3.140000
3.141032
3.148246
3.132864
3.143069
3.137601
3.137045
3.131377
3.146295
3.137287
3.144488
3.141525
3.147168
3.140448
3.138068
3.146774
3.142393
3.151293
3.144848
3.135423
3.140000
3.137991
3.139645
3.141437
3.138369
3.139734
3.147221
3.143095
3.131837
3.132639
3.142822
3.135824
3.139296
3.134213
3.142742
3.143600
3.140667
3.144084
3.134011
3.147857
3.140909
3.138271
3.148098
3.147969
3.142265
3.138938
3.147583
3.138002
3.137986
3.148031
3.134905
3.137558
3.131661
3.140225
3.148256
3.143054
3.145966
3.142567
3.145267
3.150267
3.146323
3.152549
3.142436
3.138852
3.146199
3.146074
3.142769
3.132707
3.146041
3.140051
3.133833
3.142332
3.137687
3.140799
3.128829
3.143070
3.140847
3.138019
3.144095
3.138394
3.137973
3.140591
3.137875
3.148509
3.145724
3.137090
3.142118
3.143241
3.144228
3.141257
3.135243
3.142929
3.145853
3.145163
3.137496
3.149691
3.148133
3.147077
3.143661
3.135262
3.129900
3.139718
3.144610
3.138757
3.142152
3.146071
3.147934
3.139389
3.139670
3.138104
3.142175
3.131819
3.141086
3.138274
3.143218
3.137654
3.143967
3.141229
3.145303
3.138446
3.137516
3.136229
3.144144
3.147025
3.141564
3.141839
3.141138
3.137839
3.145227
3.148127
3.134652
3.139174
3.146764
3.142700
3.140226
3.134657
3.136935
3.138888
3.151852
3.140563
3.151576
3.142137
3.150530
3.144186
3.150256
3.156509
3.133696
3.148265
3.137636
3.137781
3.145040
3.141418
3.133726
3.134861
3.137075
3.146593
3.141905
3.142871
3.135119
3.138116
3.144146
3.142482
3.135987
3.142668
3.135363
3.148274
3.143465
3.139827
3.143050
3.141335
3.149105
3.137443
3.141066
3.140736
3.142473
3.140735
3.143562
3.138329
3.142652
3.146937
3.135483
3.148856
3.142706
3.138617
3.130807
3.139767
3.140434
3.137506
3.139876
3.136767
3.144111
3.136927
3.135926
3.144827
3.138398
3.144203
3.147262
3.140108
3.141874
3.138450
3.150583
3.142069
3.143461
3.144881
3.134220
3.150222
3.144458
3.139008
3.144299
3.142422
3.146788
3.148837
3.142705
3.140349
3.138938
3.134556
3.131939
3.139743
3.143359
3.137959
3.148550
3.142098
3.141508
3.139774
3.141205
3.133303
3.141233
3.142359
3.139309
3.143436
3.145037
3.144629
3.142814
3.139297
3.135815
3.136430
3.156507
3.139478
3.138212
3.141742
3.138899
3.138439
3.144993
3.141707
3.143175
3.140282
3.136681
3.144189
3.138817
3.141227
3.141536
3.135705
3.143599
3.143847
3.139882
3.142517
3.139559
3.142454
3.139266
3.141423
3.142815
3.144352
3.140293
3.141448
3.124006
3.140219
3.144175
3.143895
3.140350
3.147618
3.141951
3.134284
3.133605
3.143123
3.140755
3.144453
3.138812
3.139986
3.139797
3.142155
3.144364
3.155755
3.140808
3.145955
3.140749
3.138661
3.143396
3.144903
3.144971
3.143374
3.143529
3.145204
3.146160
3.131539
3.144950
3.145904
3.138429
3.136959
3.146362
3.141155
3.150370
3.137907
3.147767
3.147207
3.145540
3.141519
3.139660
3.136442
3.138980
3.137381
3.138388
3.144707
3.142881
3.142357
3.141241
3.146216
3.137521
3.142125
3.146526
3.142094
3.146826
3.140295
3.148191
3.141444
3.139328
3.141833
3.138014
3.139287
3.140140
3.138814
3.143794
3.139429
3.143175
3.143660
3.138637
3.141598
3.137250
3.138959
3.142025
3.139321
3.145291
3.134727
3.141355
3.149717
3.141492
3.144928
3.145766
3.137753
3.143471
3.132278
3.135681
3.135808
3.134835
3.137131
3.137750
3.139602
3.143890
3.146256
3.140192
3.141326
3.141284
3.135345
3.146166
3.144894
3.142262
3.137318
3.136517
3.134303
3.141005
3.133415
3.143012
3.136705
3.146287
3.141043
3.142111
3.145206
3.145162
3.138447
3.144723
3.139717
3.146173
3.139286
3.142853
3.150370
3.138172
3.133835
3.134926
3.133628
3.146676
3.138433
3.153815
3.141645
3.145187
3.144369
3.139573
3.144096
3.138987
3.146169
3.141704
3.133706
3.143989
3.136319
3.143479
3.145109
3.141141
3.144095
3.137060
3.143005
3.136799
3.144931
3.135931
3.151314
3.133984
3.141938
3.142055
3.148361
3.147395
3.140276
3.147070
3.143716
3.144698
3.139593
3.139607
3.136503
3.131728
3.140092
3.136941
3.139700
3.135144
3.141474
3.144641
3.146241
3.142943
3.143240
3.134148
3.141131
3.140130
3.146580
3.136213
3.136747
3.137772
3.143948
3.140414
3.138798
3.139845
3.132860
3.138503
3.143752
3.137629
3.144804
3.137606
3.143871
3.134062
3.143121
3.137715
3.143733
3.141282
3.143857
3.139974
3.145925
3.144757
3.133623
3.138978
3.138864
3.134413
3.142027
3.139873
3.142941
3.141578
3.136224
3.147471
3.141841
3.142081
3.140672
3.141445
3.147030
3.139494
3.143707
3.139924
3.142363
3.145253
3.142461
3.142926
3.144121
3.136927
3.134273
3.145560
3.139937
3.142085
3.142046
3.144617
3.141643
3.138672
3.139461
3.140901
3.137511
3.146250
3.143685
3.143446
3.132227
3.140125
3.145769
3.144533
3.141730
3.146468
3.141976
3.145317
3.140906
3.147692
3.145022
3.138166
3.147641
3.134851
3.140903
3.141805
3.150142
3.146519
3.141690
3.141480
3.144251
3.139926
3.146560
3.140221
3.144733
3.141843
3.142026
3.139926
3.149798
3.138725
3.136338
3.141469
3.144661
3.136675
3.138180
3.145055
3.139744
3.141268
3.141060
3.140171
3.142276
3.150195
3.142176
3.146561
3.145671
3.138859
3.142947
3.137648
3.141732
3.141211
3.132123
3.143773
3.145136
3.136981
3.141485
3.139976
3.141193
3.143373
3.142035
3.142455
3.133686
3.142332
3.137658
3.139760
3.140420
3.140983
3.140515
3.138204
3.151430
3.139928
3.143957
3.147145
3.140394
3.141790
3.141181
3.147199
3.137701
3.138595
3.142629
3.131463
3.141034
3.145178
3.141650
3.151269
3.139798
3.144526
3.142238
3.144118
3.148953
3.137660
3.141217
3.138725
3.142230
3.147170
3.138998
3.150035
3.137163
3.144894
3.139165
3.140964
3.138015
3.146150
3.143765
3.141899
3.140246
3.139766
3.146425
3.139719
3.144617
3.142547
3.137583
3.140723
3.146869
3.133986
3.139802
3.141886
3.144154
3.140372
3.142289
3.135726
3.150412
3.139861
3.143351
3.144102
3.138552
3.139074
3.145147
3.145156
3.141398
3.145127
3.145366
3.143737
3.136669
3.133802
3.144893
3.139954
3.146751
3.139425
3.143159
3.138553
3.143408
3.143073
3.142143
3.141260
3.143400
3.139062
3.148222
3.142629
3.140217
3.139977
3.135242
3.141505
3.145869
3.138087
3.145566
3.141251
3.137624
3.139182
3.141261
3.150193
3.141645
3.139887
3.141756
3.143035
3.138404
3.140566
3.135331
3.136294
3.142631
3.136614
3.148336
3.144442
3.146659
3.147950
3.143230
3.141867
3.140798
3.137056
3.145177
3.150281
3.146293
3.137220
3.145076
3.134087
3.143279
3.132394
3.145042
3.140648
3.137845
3.140223
3.140457
3.144526
3.142953
3.138463
3.144775
3.138176
3.140789
3.139644
3.136369
3.140222
3.139368
3.144501
3.146593
3.143367
3.138218
3.141018
3.142709
3.144707
3.141380
3.133532
3.136194
3.147806
3.138556
3.145859
3.137942
3.137690
3.136844
3.145473
3.134366
3.146564
3.142841
3.148662
3.143058
3.140745
3.141478
3.140109
3.134697
3.146361
3.144074
3.142445
3.142782
3.146565
3.138747
3.139434
3.145063
3.143330
3.145014
3.141565
3.140141
3.146211
3.143527
3.134816
3.142612
3.142514
3.138300
3.137100
3.138496
3.144800
3.145024
3.142981
3.142709
3.139590
3.141024
3.142457
3.145223
3.134424
3.145218
3.142753
3.145470
3.138002
3.151884
3.139356
3.135464
3.140000
3.136990
3.138929
3.136865
3.137198
3.140887
3.141132
3.142979
3.140277
3.137813
3.144158
3.138135
3.143919
3.144119
3.144787
3.133737
3.140808
3.144344
3.140743
3.144127
3.138134
3.140816
3.144831
3.141345
3.131598
3.139101
3.141036
3.146519
3.139092
3.144654
3.139177
3.142541
3.142592
3.142328
3.141937
3.146597
3.141725
3.142659
3.149664
3.142530
3.137251
3.138207
3.136017
3.141624
3.139330
3.138985
3.136276
3.139822
3.142675
3.143540
3.138914
3.145477
3.142857
3.140281
3.136646
3.142863
3.143580
3.142465
3.139002
3.138909
3.139688
3.141671
3.132697
3.144158
3.140145
3.144795
3.145528
3.140238
3.146474
3.141003
3.141074
3.137780
3.141610
3.141949
3.145670
3.143802
3.136210
3.145157
3.139259
3.147393
3.146886
3.143852
3.144292
3.146167
3.142174
3.139723
3.136967
3.146380
3.144565
3.143100
3.139080
3.138559
3.141675
3.138887
3.143633
3.141948
3.140347
3.142741
3.139246
3.138707
3.131027
3.135455
3.138780
3.141899
3.140650
3.136053
3.144564
3.136989
3.147173
3.140719
3.144595
3.142580
3.137391
3.143082
3.143333
3.142857
3.148234
3.140817
3.143730
3.141844
3.145337
3.142828
3.141449
3.146385
3.139397
3.140653
3.147369
3.139087
3.143170
3.138005
3.139559
3.142293
3.139880
3.140690
3.135280
3.141649
3.136184
3.142147
3.144471
3.134324
3.134317
3.140568
3.141414
3.136784
3.145811
3.142675
3.140020
3.143746
3.143078
3.138620
3.148631
3.140922
3.141863
3.144705
3.143149
3.144701
3.136301
3.134968
3.146423
3.139417
3.147285
3.143108
3.136430
3.145076
3.134502
3.145899
3.143071
3.141741
3.144425
3.140639
3.131513
3.140717
3.136133
3.137165
3.139784
3.142910
3.140646
3.139559
3.140137
3.145193
3.148954
3.144543
3.141074
3.144714
3.141639
3.142838
3.135088
3.140302
3.141149
3.140457
3.145973
3.144307
3.141846
3.140398
3.144932
3.145347
3.136586
3.135860
3.144283
3.136717
3.145460
3.142467
3.136673
3.137477
3.144116
3.139469
3.145097
3.137077
3.142276
3.139239
3.144990
3.142417
3.142945
3.138547
3.136577
3.137780
3.145495
3.142890
3.147198
3.137918
3.142800
3.137575
3.147586
3.142939
3.141703
3.144122
3.139847
3.136894
3.144241
3.137241
3.140992
3.142756
3.133842
3.142982
3.143962
3.145302
3.144681
3.142121
3.141008
3.143810
3.145717
3.144794
3.144915
3.142039
3.141062
3.145277
3.141326
3.147392
3.141798
3.144246
3.143006
3.139745
3.141284
3.139991
3.143189
3.147006
3.139623
3.143005
3.140358
3.139012
3.142785
3.139558
3.136560
3.146435
3.143737
3.135148
3.141257
3.135134
3.140394
3.138529
3.143240
3.139167
3.143798
3.134137
3.144112
3.140850
3.143436
3.140719
3.145299
3.135646
3.139310
3.139245
3.144209
3.140065
3.141563
3.144379
3.139833
3.137185
3.138329
3.134664
3.134508
3.147112
3.140927
3.145679
3.141056
3.144970
3.142035
3.144817
3.147597
3.139289
3.144395
3.146027
3.135443
3.140120
3.142120
3.138977
3.141602
3.142108
3.141674
3.140745
3.141434
3.144327
3.140110
3.141019
3.143303
3.142210
3.149698
3.146441
3.140000
3.144659
3.138317
3.143466
3.142614
3.142750
3.138210
3.144062
3.142409
3.137346
3.135260
3.144237
3.143807
3.141356
3.140764
3.147885
3.142964
3.138319
3.144868
3.140463
3.140054
3.141025
3.141414
3.139937
3.139312
3.144355
3.139964
3.142705
3.144051
3.142558
3.141337
3.145607
3.141570
3.144808
3.140685
3.136242
3.139207
3.135416
3.147849
3.147152
3.142158
3.142706
3.138796
3.135968
3.140485
3.147115
3.146709
3.143487
3.142455
3.141800
3.147108
3.140582
3.144955
3.136826
3.142592
3.138830
3.133286
3.139705
3.139911
3.145163
3.143619
3.141630
3.143918
3.142893
3.141797
3.138533
3.140782
3.135851
3.143055
3.146081
3.142431
3.143397
3.146560
3.137669
3.147334
3.143515
3.138920
3.139407
3.137029
3.142731
3.137880
3.139497
3.136293
3.148584
3.139136
3.143288
3.145304
3.138124
3.142201
3.142367
3.138927
3.142998
3.140211
3.144453
3.140123
3.134656
3.138105
3.145445
3.145749
3.139991
3.146322
3.140131
3.138530
3.144819
3.143759
3.137615
3.140629
3.139764
3.145148
3.141352
3.143069
3.145394
3.145801
3.140897
3.140104
3.144010
3.138087
3.139418
3.146082
3.138619
3.141563
3.144330
3.142411
3.145037
3.139809
3.140632
3.141022
3.143401
3.143806
3.150679
3.137148
3.138367
3.138912
3.141908
3.138913
3.135800
3.143552
3.141766
3.143015
3.147172
3.138933
3.145824
3.139071
3.142295
3.141409
3.148751
3.134798
3.138069
3.138250
3.138123
3.140377
3.141653
3.143134
3.138331
3.139333
3.133578
3.143487
3.145955
3.143365
3.141169
3.141962
3.147207
3.145081
3.146928
3.144395
3.144777
3.142247
3.139719
3.147381
3.143340
3.144520
3.146480
3.144126
3.137836
3.141628
3.138669
3.149644
3.144871
3.139881
3.138807
3.141134
3.145049
3.138952
3.138673
3.142078
3.140768
3.144540
3.137124
3.136543
3.143515
3.141988
3.143731
3.144562
3.142095
3.140000
3.147289
3.144034
3.142327
3.145642
3.141855
3.146309
3.136252
3.140738
3.137076
3.138275
3.142922
3.137741
3.138871
3.142441
3.134125
3.143358
3.136150
3.139716
3.146633
3.145688
3.142059
3.140200
3.143290
3.142531
3.141473
3.144542
3.141422
3.139834
3.137898
3.144701
3.145737
3.139734
3.142961
3.137380
3.144816
3.142635
3.142609
3.143709
3.141597
3.144715
3.142935
3.137537
3.148435
3.147944
3.140223
3.139818
3.136825
3.137411
3.142398
3.134860
3.138197
3.133794
3.136635
3.141809
3.142030
3.140707
3.139318
3.140328
3.141682
3.138015
3.136827
3.143344
3.142286
3.140328
3.139124
3.137660
3.138029
3.140294
3.142738
3.141160
3.136807
3.138792
3.142897
3.143980
3.141427
3.147384
3.143234
3.141466
3.143069
3.141758
3.145132
3.139480
3.136725
3.141413
3.139050
3.135925
3.136633
3.139059
3.140235
3.148671
3.139943
3.140227
3.139749
3.136748
3.138180
3.137833
3.139653
3.137464
3.140493
3.141082
3.139330
3.143565
3.151778
3.144899
3.146661
3.143333
3.145706
3.148013
3.138062
3.133023
3.143351
3.143936
3.138820
3.141605
3.142415
3.143288
3.146357
3.136170
3.140024
3.138351
3.136230
3.142960
3.133866
3.140352
3.142245
3.142796
3.144607
3.144996
3.138301
3.143748
3.136150
3.141753
3.142206
3.138678
3.142029
3.147812
3.144795
3.143545
3.142980
3.139412
3.140405
3.139587
3.141912
3.146630
3.135394
3.141664
3.138440
3.133903
3.141844
3.141978
3.142713
3.143020
3.142426
3.140474
3.142503
3.140916
3.145609
3.148864
3.140875
3.142317
3.142387
3.138504
3.136529
3.144138
3.141597
3.145252
3.143151
3.146504
3.137055
3.138430
3.143900
3.143796
3.142454
3.146254
3.143987
3.141096
3.143029
3.143505
3.140321
3.145395
3.146870
3.144391
3.150613
3.140531
3.145439
3.141264
3.143797
3.141746
3.144838
3.141589
3.142982
3.150179
3.136445
3.139720
3.144127
3.138057
3.134229
3.148665
3.143842
3.145291
3.142241
3.142682
3.141821
3.141952
3.135285
3.140031
3.145749
3.139753
3.134101
3.141592
3.135435
3.143197
3.145967
3.140139
3.135272
3.142267
3.140455
3.143143
3.137882
3.145281
3.136714
3.143477
3.132903
3.148547
3.141882
3.137757
3.143877
3.143101
3.149705
3.138466
3.137754
3.142866
3.140774
3.142757
3.139457
3.143734
3.143189
3.143486
3.143921
3.141956
3.140771
3.148244
3.142831
3.147933
3.143881
3.145808
3.138316
3.135308
3.142368
3.144247
3.139642
3.144411
3.143824
3.140562
3.142134
3.138846
3.140159
3.135266
3.133667
3.137847
3.142084
3.141955
3.137948
3.138062
3.144291
3.131634
3.139267
3.142283
3.136713
3.141647
3.139615
3.136574
3.146541
3.139925
3.143777
3.140814
3.141183
3.140617
3.143982
3.143657
3.144265
3.138226
3.141556
3.144132
3.144994
3.141396
3.144480
3.142686
3.137788
3.141274
3.141971
3.143985
3.145788
3.137560
3.140890
3.144667
3.145181
3.143991
3.139260
3.135624
3.146353
3.145313
3.142216
3.138494
3.139858
3.143189
3.144372
3.142591
3.139739
3.142991
3.142016
3.146349
3.141390
3.139391
3.142503
3.145405
3.144490
3.142656
3.136774
3.142861
3.149018
3.137956
3.138763
3.142221
3.141428
3.143092
3.138070
3.144597
3.141795
3.142984
3.141691
3.142952
3.143563
3.139941
3.146038
3.140501
3.138667
3.139057
3.144321
3.141884
3.144009
3.140132
3.139890
3.140896
3.138803
3.144435
3.138701
3.141012
3.135666
3.139223
3.145709
3.146740
3.143566
3.137936
3.135295
3.141931
3.134713
3.146579
3.136412
3.145259
3.142621
3.137504
3.138986
3.140408
3.142807
3.146093
3.139250
3.143758
3.139716
3.136579
3.138683
3.141178
3.142435
3.142297
3.143829
3.142382
3.146468
3.140435
3.141240
3.140682
3.139877
3.135464
3.140369
3.139928
3.141658
3.137294
3.140890
3.143630
3.138981
3.145116
3.139054
3.142917
3.142909
3.142958
3.140325
3.141283
3.140771
3.142161
3.147929
3.146767
3.146729
3.136547
3.139374
3.143336
3.141689
3.146796
3.140912
3.143877
3.144342
3.140258
3.139792
3.140703
3.144866
3.144599
3.141182
3.141432
3.142011
3.141845
3.139521
3.143259
3.148124
3.141443
3.143991
3.140485
3.142376
3.142511
3.140107
3.142024
3.144382
3.148618
3.136333
3.141281
3.136250
3.139744
3.141401
3.136375
3.141940
3.140071
3.145900
3.139077
3.139539
3.147291
3.140773
3.144564
3.139795
3.142394
3.143179
3.141812
3.138224
3.142051
3.141548
3.141244
3.146365
3.144167
3.141786
3.144714
3.150236
3.142384
3.135298
3.135870
3.142416
3.143915
3.139683
3.132977
3.139501
3.142110
3.147417
3.142136
3.138209
3.138343
3.147406
3.137670
3.144833
3.142553
3.139699
3.143252
3.141408
3.140756
3.140035
3.138992
3.144246
3.146126
3.139252
3.137163
3.143654
3.140922
3.137536
3.139135
3.148434
3.140572
3.142503
3.143693
3.140035
3.137242
3.147275
3.143034
3.136765
3.142142
3.137351
3.141987
3.144481
3.141528
3.140285
3.138695
3.142130
3.144702
3.137511
3.140638
3.138899
3.140776
3.142693
3.143419
3.139191
3.145961
3.141777
3.141921
3.143807
3.142086
3.136514
3.136384
3.138420
3.144441
3.135760
3.143088
3.138946
3.145096
3.140310
3.138486
3.144960
3.143645
3.142702
3.141388
3.138138
3.142637
3.144346
3.141359
3.138484
3.136667
3.141995
3.144496
3.141596
3.141123
3.144211
3.137221
3.145139
3.142339
3.136821
3.143513
3.136768
3.142650
3.140294
3.140396
3.143337
3.143233
3.140689
3.144049
3.135618
3.145695
3.143480
3.136161
3.146757
3.142449
3.144101
3.145629
3.144560
3.140870
3.142683
3.140760
3.142979
3.144111
3.144320
3.133085
3.143612
3.135379
3.144043
3.140772
3.142430
3.141313
3.143091
3.145436
3.136857
3.144838
3.140507
3.142903
3.138873
3.143927
3.142462
3.144383
3.141072
3.136590
3.145113
3.142047
3.146254
3.137618
3.146223
3.139825
3.142050
3.141465
3.140289
3.146662
3.142397
3.140268
3.142006
3.144400
3.142769
3.135442
3.141119
3.139076
3.140489
3.143119
3.135684
3.146502
3.139873
3.143021
3.143174
3.138250
3.143907
3.144833
3.145132
3.143082
3.137419
3.142000
3.143072
3.143704
3.138914
3.144421
3.150190
3.137778
3.135870
3.144641
3.140538
3.141555
3.145706
3.141793
3.141162
3.137969
3.144398
3.142679
3.135008
3.141405
3.135820
3.136530
3.144760
3.143574
3.143606
3.139630
3.147874
3.132875
3.136346
3.144980
3.141750
3.137954
3.136615
3.139960
3.143554
3.141688
3.135460
3.143307
3.142601
3.143792
3.142178
3.141908
3.137889
3.139382
3.142189
3.140670
3.140742
3.141418
3.146334
3.140302
3.142342
3.143174
3.142707
3.141232
3.144330
3.146588
3.136471
3.141531
3.140465
3.146920
3.146532
3.141085
3.139105
3.147342
3.146118
3.139817
3.140685
3.137469
3.139524
3.141982
3.146067
3.142684
3.143849
3.143177
3.140319
3.140338
3.141750
3.142562
3.139019
3.139220
3.143501
3.140558
3.140837
3.143829
3.139890
3.146861
3.145361
3.138833
3.143583
3.148096
3.146714
3.146615
3.136603
3.142186
3.142619
3.144305
3.137822
3.143049
3.137643
3.140452
3.143272
3.145742
3.137710
3.143572
3.145073
3.137436
3.140444
3.140116
3.139414
3.142394
3.145281
3.143048
3.144558
3.143509
3.141613
3.137726
3.139531
3.145122
3.141290
3.144708
3.139519
3.141038
3.140993
3.141102
3.140839
3.141716
3.144013
3.143301
3.147886
3.141931
3.142985
3.141035
3.143941
3.137573
3.144820
3.141302
3.137646
3.139847
3.137507
3.140191
3.141217
3.141949
3.139293
3.137174
3.139421
3.141285
3.140235
3.139606
3.140566
3.138501
3.138787
3.133232
3.145960
3.141269
3.138712
3.145010
3.145420
3.143485
3.138638
3.143509
3.141513
3.141038
3.138943
3.141012
3.142131
3.135853
3.137934
3.134845
3.142381
3.139129
3.140991
3.143369
3.136424
3.142308
3.144166
3.145457
3.141228
3.139244
3.145483
3.140441
3.139100
3.143208
3.140057
3.141936
3.139604
3.146759
3.143171
3.143352
3.141111
3.146186
3.141612
3.142370
3.141836
3.140940
3.143063
3.145823
3.143750
3.147547
3.142759
3.138937
3.139319
3.136813
3.140244
3.141611
3.141592
3.141074
3.142827
3.141472
3.147028
3.142007
3.144419
3.138941
3.140392
3.143425
3.142210
3.144754
3.142967
3.142276
3.133391
3.143083
3.136850
3.139925
3.141794
3.141440
3.143543
3.138908
3.140924
3.143559
3.144617
3.143185
3.145048
3.139517
3.143336
3.136646
3.140885
3.147619
3.140291
3.145995
3.139265
3.140865
3.144403
3.144494
3.144807
3.141900
3.142066
3.139618
3.141978
3.137067
3.138318
3.147204
3.140068
3.141305
3.146736
3.139004
3.144162
3.137873
3.137929
3.146351
3.141087
3.138465
3.142596
3.143374
3.142006
3.142833
3.138131
3.141495
3.141709
3.142229
3.141133
3.143501
3.139088
3.140709
3.147221
3.142469
3.140862
3.145999
3.139322
3.144811
3.141581
3.142782
3.139652
3.144085
3.139909
3.143303
3.142004
3.137881
3.140225
3.140670
3.142051
3.145535
3.142742
3.141155
3.141866
3.145310
3.140990
3.135531
3.139217
3.144636
3.137871
3.136701
3.144492
3.142873
3.139958
3.146360
3.140648
3.145884
3.142293
3.139601
3.142921
3.142455
3.145107
3.145208
3.149683
3.141763
3.142071
3.146651
3.141804
3.140097
3.139282
3.146221
3.142525
3.143096
3.142475
3.145587
3.143148
3.140770
3.144060
3.138761
3.142867
3.139627
3.146855
3.147952
3.145110
3.143325
3.139994
3.137037
3.141193
3.146643
3.139610
3.139652
3.138233
3.141174
3.142604
3.143244
3.137326
3.147428
3.137913
3.144256
3.144284
3.140239
3.145560
3.145039
3.142167
3.142446
3.138205
3.137937
3.141317
3.142813
3.141686
3.139047
3.135505
3.142107
3.149122
3.146556
3.137889
3.148205
3.136107
3.139822
3.140362
3.141710
3.145159
3.140736
3.135829
3.140285
3.145153
3.142549
3.144735
3.141339
3.144779
3.140734
3.144694
3.134142
3.137379
3.143229
3.141578
3.145827
3.143256
3.147159
3.143006
3.144156
3.139239
3.140307
3.142566
3.144929
3.142210
3.140577
3.146946
3.139647
3.139394
3.137787
3.142795
3.140224
3.144675
3.140141
3.137279
3.137544
3.138855
3.144110
3.143657
3.139085
3.140675
3.145185
3.139842
3.142732
3.142561
3.141722
3.142302
3.144040
3.140100
3.136805
3.142626
3.139579
3.138720
3.138761
3.139959
3.141110
3.141302
3.132890
3.139667
3.138051
3.142980
3.138449
3.134725
3.141772
3.144084
3.144298
3.145176
3.141246
3.135898
3.136847
3.142297
3.134872
3.140564
3.144776
3.140563
3.136841
3.143640
3.142136
3.143348
3.138608
3.144691
3.143304
3.141026
3.143453
3.140909
3.142050
3.142009
3.142315
3.142956
3.142915
3.139694
3.139572
3.139821
3.139018
3.143806
3.142956
3.140583
3.140185
3.145025
3.140381
3.145287
3.140173
3.140997
3.142753
3.134731
3.140541
3.141306
3.136421
3.140961
3.143140
3.142087
3.145057
3.145418
3.140368
3.134872
3.133456
3.140648
3.142192
3.138170
3.149633
3.143915
3.143668
3.140579
3.141386
3.145102
3.139359
3.139399
3.140744
3.134561
3.141887
3.140109
3.141691
3.139891
3.145083
3.144231
3.145605
3.139926
3.144712
3.148492
3.142976
3.133280
3.136296
3.139869
3.141139
3.139493
3.138349
3.140791
3.142605
3.141814
3.143059
3.146292
3.142761
3.137802
3.139284
3.141062
3.141101
3.138258
3.141826
3.142694
3.146961
3.143304
3.139433
3.139960
3.139003
3.138647
3.141981
3.149680
3.139661
3.143285
3.143132
3.141045
3.140870
3.142287
3.139130
3.139893
3.138330
3.145444
3.140214
3.142464
3.141240
3.137706
3.145127
3.142292
3.143345
3.145759
3.138931
3.140602
3.146817
3.139016
3.144036
3.143816
3.141955
3.142241
3.143874
3.142374
3.145118
3.143461
3.136455
3.143033
3.140964
3.145800
3.141524
3.138460
3.143113
3.140800
3.138523
3.139927
3.144609
3.142902
3.137462
3.142610
3.140000
3.142284
3.143116
3.140061
3.142221
3.142907
3.144294
3.142414
3.141204
3.140429
3.139621
3.142456
3.142361
3.139304
3.141647
3.142364
3.138999
3.147768
3.141467
3.142829
3.142433
3.138517
3.145019
3.141893
3.138735
3.140816
3.137737
3.142656
3.139678
3.142134
3.142715
3.147173
3.140343
3.141710
3.142723
3.143480
3.144613
3.141432
3.137999
3.142128
3.143624
3.143452
3.140972
3.142004
3.147539
3.139079
3.139746
3.140347
3.142845
3.142364
3.139725
3.138871
3.142511
3.139653
3.142719
3.138212
3.138317
3.143591
3.140660
3.139181
3.138956
3.139171
3.144854
3.141433
3.142162
3.138996
3.146868
3.143789
3.137281
3.138876
3.140986
3.144706
3.140953
3.142042
3.139234
3.142851
3.141565
3.137479
3.145358
3.142695
3.140284
3.143491
3.134320
3.140322
3.142205
3.142308
3.142902
3.145590
3.142530
3.141652
3.138005
3.142795
3.142168
3.141116
3.141002
3.140963
3.139314
3.138678
3.140500
3.140919
3.142402
3.142559
3.140728
3.140744
3.144919
3.141123
3.141270
3.145701
3.136876
3.140862
3.143664
3.142097
3.143261
3.137633
3.142025
3.135166
3.144556
3.137809
3.138897
3.140297
3.141892
3.140427
3.138466
3.145406
3.141739
3.145317
3.143853
3.139153
3.140237
3.140836
3.144906
3.145007
3.140927
3.142063
3.141486
3.144668
3.143423
3.141706
3.140624
3.147265
3.148538
3.142059
3.138592
3.140575
3.144501
3.136934
3.140891
3.141572
3.145000
3.143352
3.141265
3.136392
3.145852
3.137969
3.139164
3.146024
3.149454
3.143880
3.142921
3.140455
3.141123
3.140005
3.138942
3.143543
3.141378
3.140742
3.142424
3.141340
3.141494
3.143900
3.140757
3.144047
3.141919
3.144183
3.142664
3.145108
3.140437
3.142859
3.139106
3.137930
3.141691
3.141196
3.143381
3.142482
3.141934
3.142375
3.141264
3.140929
3.141242
3.140621
3.142674
3.139655
3.137519
3.142475
3.142851
3.141521
3.143061
3.140831
3.143282
3.146737
3.144000
3.146617
3.146949
3.141909
3.140137
3.142425
3.139789
3.142836
3.142714
3.137598
3.140707
3.141757
3.140833
3.144340
3.144186
3.143916
3.141823
3.136582
3.141422
3.138099
3.141568
3.141826
3.145366
3.141530
3.144090
3.140436
3.144151
3.139501
3.139013
3.146170
3.141995
3.145652
3.146348
3.143876
3.138741
3.143014
3.145954
3.138863
3.141498
3.141063
3.143623
3.144727
3.139309
3.141554
3.141423
3.141898
3.146492
3.144479
3.140439
3.139796
3.140888
3.142835
3.139269
3.142969
3.147929
3.144250
3.139270
3.141955
3.140730
3.146413
3.136708
3.139026
3.140593
3.145407
3.143517
3.140921
3.140686
3.144289
3.146528
3.142655
3.141818
3.144316
3.142669
3.146514
3.141837
3.140659
3.143392
3.144973
3.141856
3.142140
3.141212
3.137063
3.145179
3.139581
3.137733
3.136704
3.144097
3.137316
3.142978
3.145268
3.147494
3.139861
3.138079
3.149672
3.137790
3.142245
3.139783
3.140923
3.140113
3.143831
3.141278
3.139902
3.143895
3.141365
3.138950
3.144144
3.146454
3.140365
3.137541
3.143039
3.149193
3.146739
3.145478
3.145625
3.142661
3.144534
3.142515
3.144911
3.140954
3.143073
3.143005
3.139749
3.137560
3.140231
3.145564
3.142484
3.140092
3.137753
3.141515
3.146083
3.139693
3.139647
3.142638
3.140905
3.141768
3.141088
3.140337
3.141179
3.144257
3.144741
3.145633
3.142790
3.142662
3.142167
3.145861
3.140148
3.142965
3.139109
3.140764
3.141715
3.138361
3.140056
3.141831
3.138398
3.143386
3.138429
3.138953
3.141610
3.142895
3.139883
3.143807
3.140655
3.136306
3.139630
3.143529
3.141881
3.144916
3.140907
3.140638
3.146376
3.137681
3.143832
3.142804
3.145479
3.139646
3.143272
3.142811
3.138337
3.138292
3.139227
3.143263
3.141530
3.142736
3.143568
3.136418
3.143738
3.140837
3.139269
3.144345
3.137435
3.138589
3.136832
3.143746
3.143237
3.143694
3.143698
3.141841
3.141353
3.145108
3.144207
3.143156
3.139925
3.143315
3.138810
3.138554
3.137917
3.145218
3.143456
3.142658
3.142001
3.139950
3.141819
3.138557
3.143621
3.142273
3.144070
3.140961
3.144188
3.143212
3.143876
3.143950
3.136326
3.137491
3.141414
3.141119
3.143670
3.136845
3.137989
3.141208
3.143477
3.146853
3.138200
3.140718
3.142447
3.138655
3.136518
3.139313
3.143301
3.140348
3.142105
3.144716
3.139607
3.143153
3.142829
3.140696
3.135682
3.144064
3.145796
3.140209
3.140978
3.144407
3.141791
3.142808
3.142514
3.140654
3.146736
3.140951
3.144315
3.138049
3.141976
3.142624
3.139708
3.140663
3.139659
3.143215
3.143644
3.146130
3.144146
3.140287
3.141507
3.143654
3.141585
3.137601
3.140498
3.141993
3.141139
3.143205
3.139788
3.141893
3.143651
3.138512
3.143403
3.144668
3.138666
3.143297
3.143429
3.142263
3.144372
3.136283
3.137960
3.140914
3.140211
3.141051
3.139288
3.144026
3.143509
3.141207
3.136493
3.141540
3.139446
3.137578
3.144514
3.141205
3.145246
3.142948
3.140240
3.144621
3.142677
3.146849
3.139232
3.139462
3.140142
3.142590
3.143914
3.143898
3.141548
3.140000
3.140815
3.136672
3.139010
3.144176
3.143263
3.140907
3.142930
3.143333
3.142207
3.139912
3.140765
3.139065
3.137853
3.140068
3.145055
3.139932
3.145432
3.143238
3.145837
3.142264
3.145980
3.140165
3.140520
3.142097
3.140675
3.144639
3.145350
3.145373
3.134846
3.143422
3.141711
3.136269
3.142892
3.145075
3.137216
3.140561
3.145328
3.140397
3.139734
3.145309
3.140063
3.142310
3.139696
3.141556
3.147694
3.146963
3.142139
3.139566
3.135460
3.142287
3.140111
3.137628
3.140419
3.143952
3.139754
3.139364
3.140563
3.143255
3.141738
3.143696
3.138590
3.140375
3.144400
3.142952
3.140466
3.140721
3.145347
3.144227
3.145431
3.144782
3.137547
3.142697
3.141482
3.141871
3.142997
3.145523
3.140043
3.139492
3.143454
3.145364
3.139258
3.143619
3.142513
3.139866
3.142540
3.143950
3.142845
3.140306
3.138418
3.140736
3.137951
3.143534
3.145419
3.139169
3.141465
3.140782
3.137544
3.139809
3.144153
3.141478
3.139376
3.142982
3.140624
3.138352
3.143280
3.141466
3.147904
3.140561
3.139054
3.146591
3.144008
3.139439
3.143131
3.144162
3.141620
3.144767
3.145521
3.140873
3.139151
3.139431
3.138591
3.141612
3.138004
3.139583
3.144506
3.140227
3.141757
3.143816
3.141756
3.145263
3.143695
3.141608
3.136354
3.137702
3.141725
3.144631
3.138115
3.142626
3.144009
3.136478
3.139542
3.141067
3.142458
3.140566
3.146088
3.139679
3.141805
3.142592
3.144320
3.145426
3.139892
3.140377
3.144975
3.139812
3.137539
3.142248
3.143786
3.140169
3.148240
3.136758
3.142485
3.142677
3.137187
3.143624
3.144257
3.142703
3.140117
3.144456
3.145669
3.139072
3.145601
3.144470
3.144268
3.137171
3.143283
3.142622
3.139686
3.145849
3.144720
3.142283
3.140267
3.142057
3.138584
3.141280
3.139435
3.143232
3.142339
3.140037
3.143281
3.142091
3.137775
3.137929
3.139725
3.140690
3.145505
3.141892
3.140489
3.139301
3.140414
3.139469
3.142900
3.145016
3.142601
3.142577
3.144078
3.137536
3.138480
3.136636
3.142235
3.132067
3.145623
3.137623
3.139698
3.144798
3.144885
3.142811
3.145578
3.141790
3.145159
3.142095
3.139819
3.136952
3.136782
3.146556
3.139079
3.140416
3.139940
3.142701
3.142918
3.142709
3.139265
3.138392
3.142841
3.144092
3.145158
3.140766
3.139008
3.139049
3.142127
3.141061
3.141259
3.140664
3.141987
3.144378
3.140290
3.137328
3.137094
3.136427
3.140732
3.141482
3.139646
3.142953
3.139582
3.147954
3.143029
3.141581
3.145445
3.144015
3.144175
3.140863
3.142832
3.142084
3.138142
3.140569
3.142921
3.147565
3.140041
3.143996
3.145787
3.146349
3.142652
3.144249
3.143612
3.138654
3.141844
3.141738
3.139419
3.142387
3.144558
3.145567
3.143779
3.140402
3.137401
3.146712
3.137329
3.143295
3.142058
3.143695
3.136566
3.140803
3.142868
3.140128
3.142584
3.137686
3.142564
3.138078
3.143246
3.140628
3.140987
3.137261
3.138913
3.142674
3.143433
3.138718
3.143676
3.143226
3.141504
3.138229
3.142801
3.141289
3.144025
3.144374
3.140395
3.141705
3.139098
3.143500
3.141908
3.141495
3.142116
3.145317
3.144904
3.142481
3.141263
3.141339
3.148609
3.144541
3.141542
3.139313
3.140945
3.141699
3.144793
3.143984
3.140537
3.145914
3.142830
3.139233
3.140203
3.146143
3.142521
3.141280
3.138084
3.139603
3.143276
3.143450
3.143941
3.142368
3.139527
3.146472
3.144315
3.141664
3.141749
3.145117
3.143169
3.142463
3.140013
3.142534
3.143238
3.142416
3.140256
3.142352
3.143756
3.139785
3.139394
3.138682
3.147249
3.138736
3.139574
3.141237
3.144081
3.141890
3.138706
3.142945
3.139700
3.139991
3.141624
3.141494
3.139584
3.140662
3.142275
3.140045
3.143712
3.143341
3.141237
3.139491
3.144218
3.143481
3.142155
3.147101
3.146069
3.138698
3.144578
3.141996
3.141466
3.140508
3.141830
3.143268
3.140156
3.144486
3.143537
3.138505
3.139889
3.141992
3.138004
3.142507
3.142759
3.142230
3.139560
3.142664
3.142970
3.138198
3.143901
3.141091
3.143446
3.143042
3.138603
3.143511
3.144312
3.139832
3.140828
3.141213
3.140412
3.140868
3.141385
3.142619
3.143110
3.141115
3.138899
3.143289
3.143045
3.141785
3.140110
3.145645
3.136445
3.142128
3.143942
3.139100
3.144364
3.140468
3.137623
3.143757
3.142394
3.141119
3.135131
3.140449
3.138525
3.140484
3.145050
3.140062
3.140330
3.139578
3.139916
3.145383
3.141279
3.139279
3.143415
3.139025
3.140277
3.141028
3.141532
3.139526
3.139381
3.137815
3.140452
3.138965
3.138470
3.144174
3.141547
3.141727
3.138042
3.141367
3.138375
3.139676
3.141580
3.139317
3.142542
3.139869
3.145349
3.139878
3.138990
3.141058
3.147608
3.142516
3.145892
3.143231
3.142117
3.139258
3.139393
3.143333
3.139743
3.140837
3.137850
3.141508
3.140553
3.143041
3.141756
3.141054
3.141973
3.139373
3.137576
3.140844
3.141066
3.142427
3.143066
3.144948
3.143160
3.141756
3.143776
3.142024
3.141455
3.138428
3.145214
3.145304
3.141671
3.140521
3.138426
3.138829
3.140949
3.141829
3.141547
3.142530
3.140923
3.140606
3.138922
3.140736
3.142947
3.141212
3.144798
3.142699
3.142893
3.140233
3.143644
3.138946
3.136392
3.140544
3.141715
3.141511
3.144917
3.144281
3.144078
3.140673
3.138477
3.141501
3.140384
3.138138
3.141435
3.146454
3.139789
3.138071
3.139763
3.141154
3.143688
3.139484
3.141553
3.142495
3.142455
3.142580
3.143185
3.142226
3.143321
3.143436
3.142676
3.140507
3.142159
3.145777
3.137292
3.140781
3.143967
3.138139
3.139215
3.140291
3.137656
3.136392
3.145187
3.138595
3.142119
3.140565
3.142050
3.145186
3.140004
3.139880
3.138679
3.140145
3.142261
3.145145
3.138680
3.141495
3.142874
3.145500
3.140166
3.143551
3.140866
3.146613
3.139910
3.144972
3.141002
3.139301
3.138589
3.138611
3.140941
3.141576
3.140583
3.144266
3.138234
3.147055
3.142463
3.140876
3.143177
3.141769
3.145394
3.141810
3.142205
3.141283
3.144812
3.134981
3.147094
3.140959
3.139130
3.138948
3.139215
3.143215
3.139114
3.137067
3.140547
3.140110
3.141911
3.143778
3.142308
3.140550
3.142459
3.145832
3.141197
3.140288
3.141434
3.139247
3.141171
3.142105
3.140199
3.142315
3.142353
3.145346
3.142554
3.144382
3.139810
3.144160
3.141987
3.139671
3.145284
3.140388
3.141673
3.144012
3.141496
3.142325
3.140501
3.142299
3.139928
3.143754
3.145575
3.136971
3.141131
3.142843
3.143763
3.144414
3.143106
3.141647
3.138618
3.142680
3.142179
3.140764
3.142967
3.142585
3.138754
3.142945
3.141061
3.144101
3.140952
3.142875
3.140423
3.141743
3.140163
3.140142
3.139879
3.142805
3.140490
3.143615
3.144137
3.139691
3.142781
3.139557
3.143214
3.139983
3.142160
3.142030
3.140347
3.142998
3.140948
3.143356
3.141390
3.141702
3.144092
3.138974
3.142631
3.139967
3.144755
3.142392
3.141004
3.143848
3.140246
3.142873
3.142010
3.138086
3.144830
3.140067
3.140678
3.142403
3.138998
3.137057
3.139697
3.143207
3.141001
3.141171
3.143849
3.138539
3.142511
3.144266
3.138751
3.141958
3.143098
3.138176
3.143063
3.141492
3.138720
3.141350
3.140186
3.136447
3.140352
3.142318
3.140443
3.137518
3.140310
3.140099
3.146074
3.140976
3.145518
3.137537
3.141037
3.142949
3.140549
3.142477
3.140351
3.145778
3.138436
3.143127
3.140499
3.147687
3.139328
3.140890
3.140606
3.140849
3.139337
3.142241
3.139691
3.138650
3.141955
3.141169
3.140128
3.143612
3.140185
3.141875
3.143219
3.141554
3.138821
3.144601
3.143857
3.141232
3.141794
3.138383
3.143197
3.146229
3.142712
3.143897
3.139028
3.140541
3.142726
3.139525
3.144126
3.144957
3.144337
3.140844
3.142641
3.139001
3.146102
3.141547
3.145109
3.140270
3.139955
3.143639
3.138533
3.140123
3.143698
3.141789
3.140617
3.142140
3.136428
3.143012
3.141220
3.142587
3.136847
3.143874
3.146463
3.144117
3.136254
3.142143
3.139939
3.141238
3.138758
3.139479
3.139108
3.143085
3.137180
3.140740
3.139874
3.141814
3.142338
3.143301
3.144450
3.141016
3.139614
3.144452
3.139216
3.141056
3.140166
3.143052
3.144532
3.138645
3.145650
3.141882
3.139526
3.142335
3.140993
3.141588
3.142524
3.143670
3.142191
3.143101
3.144878
3.143165
3.143298
3.143010
3.140902
3.145241
3.138718
3.140412
3.144546
3.143038
3.144884
3.140969
3.142701
3.137876
3.142571
3.140081
3.139181
3.138346
3.140359
3.143823
3.142213
3.141685
3.138174
3.142297
3.141116
3.140926
3.142798
3.145427
3.142169
3.139654
3.138926
3.140378
3.141508
3.138070
3.138637
3.142476
3.140117
3.145255
3.141522
3.140313
3.138550
3.149008
3.144997
3.139358
3.142138
3.140409
3.140686
3.137915
3.136853
3.139086
3.142553
3.140256
3.141021
3.141354
3.144897
3.144083
3.143462
3.142489
3.143013
3.140616
3.141100
3.143087
3.140212
3.142342
3.146342
3.139225
3.144062
3.146446
3.141617
3.138547
3.143780
3.145267
3.140539
3.141803
3.139326
3.141746
3.141646
3.144520
3.140347
3.140733
3.142043
3.141474
3.142632
3.142277
3.142217
3.144314
3.141627
3.141034
3.140998
3.139221
3.143574
3.142075
3.138160
3.144450
3.140783
3.140866
3.141187
3.142303
3.141441
3.140619
3.139329
3.138342
3.141083
3.140603
3.140297
3.142442
3.140812
3.145705
3.142769
3.141450
3.149071
3.139747
3.142751
3.140198
3.140131
3.141123
3.139529
3.146643
3.142661
3.143217
3.139206
3.139960
3.141789
3.147528
3.138203
3.144106
3.144141
3.138208
3.140051
3.144892
3.141692
3.140741
3.141936
3.140962
3.142455
3.141521
3.140831
3.142844
3.140043
3.140732
3.144279
3.138544
3.140870
3.144996
3.144850
3.140716
3.139155
3.142909
3.143903
3.141139
3.138283
3.140597
3.143413
3.142921
3.142218
3.144396
3.139510
3.142181
3.139204
3.142133
3.143925
3.143575
3.137739
3.143339
3.138789
3.140862
3.142150
3.135873
3.145023
3.141072
3.142047
3.143302
3.146255
3.137693
3.141036
3.144472
3.141083
3.142063
3.141793
3.144500
3.143738
3.141952
3.147336
3.142662
3.141705
3.140757
3.141205
3.142520
3.140175
3.142581
3.139583
3.144864
3.139879
3.141402
3.141811
3.142593
3.145548
3.143215
3.140167
3.142101
3.142875
3.136025
3.143683
3.137512
3.142632
3.146475
3.138209
3.142867
3.139569
3.139573
3.138598
3.144635
3.140462
3.137897
3.143635
3.139286
3.139329
3.141877
3.142051
3.142550
3.140670
3.143084
3.142173
3.141425
3.143264
3.141301
3.140105
3.139226
3.140205
3.146128
3.138364
3.141338
3.140932
3.142497
3.140846
3.141376
3.140359
3.140610
3.137919
3.141019
3.140977
3.140741
3.144912
3.141026
3.137651
3.141843
3.140274
3.145682
3.145307
3.140640
3.143548
3.141518
3.139557
3.147501
3.139550
3.145443
3.143029
3.143301
3.144366
3.138931
3.144995
3.140138
3.145393
3.138294
3.136169
3.144979
3.138037
3.144002
3.140227
3.142818
3.139029
3.143354
3.141707
3.141749
3.140441
3.145038
3.140418
3.140981
3.145032
3.142161
3.141965
3.140429
3.142677
3.138185
3.139116
3.143597
3.144060
3.144843
3.139713
3.143120
3.140608
3.141621
3.138177
3.142996
3.147224
3.140665
3.141264
3.143788
3.140111
3.146198
3.142713
3.141892
3.144040
3.143204
3.141651
3.139718
3.140728
3.146288
3.141002
3.141470
3.141649
3.140381
3.146674
3.141172
3.147296
3.141636
3.144638
3.138235
3.144164
3.142259
3.141509
3.139772
3.145567
3.142880
3.141789
3.143016
3.142054
3.138626
3.145834
3.139006
3.139237
3.141039
3.140353
3.145848
3.143242
3.143207
3.138844
3.140515
3.145073
3.144697
3.138815
3.140363
3.141291
3.138047
3.145567
3.146099
3.138029
3.145280
3.143619
3.142276
3.140949
3.137989
3.141387
3.142584
3.148525
3.138119
3.141884
3.141148
3.144782
3.140332
3.139204
3.140770
3.140705
3.142187
3.139001
3.143679
3.142544
3.143157
3.140403
3.140023
3.139597
3.142681
3.139371
3.140873
3.139462
3.137622
3.143464
3.143377
3.141696
3.142211
3.140613
3.143931
3.140132
3.146161
3.142430
3.139534
3.137391
3.143408
3.142188
3.145111
3.142277
3.138005
3.140791
3.139055
3.144202
3.141709
3.143774
3.141649
3.143525
3.137940
3.145246
3.141917
3.145057
3.144379
3.142406
3.139746
3.142375
3.141705
3.143100
3.140987
3.141245
3.144746
3.139854
3.139230
3.140512
3.142606
3.139451
3.140963
3.138421
3.137903
3.143167
3.139097
3.135872
3.142386
3.144664
3.141073
3.138714
3.138949
3.139333
3.140864
3.145113
3.144252
3.140004
3.140454
3.145734
3.137240
3.140837
3.140729
3.143484
3.139792
3.140361
3.141524
3.141824
3.141241
3.145916
3.143847
3.143204
3.139072
3.143077
3.137499
3.141317
3.140096
3.146138
3.140845
3.142065
3.141683
3.141983
3.139948
3.142463
3.142156
3.138656
3.143480
3.141899
3.144256
3.140537
3.140681
3.143251
3.141975
3.142718
3.142462
3.141482
3.146423
3.145147
3.139320
3.141186
3.140015
3.140978
3.139247
3.140764
3.143491
3.140734
3.138554
3.142239
3.141608
3.145688
3.139971
3.141522
3.143803
3.142398
3.142799
3.141175
3.141922
3.139010
3.142981
3.141196
3.142568
3.144859
3.142773
3.142931
3.139787
3.139835
3.138339
3.142444
3.145305
3.141150
3.143136
3.142537
3.140580
3.143990
3.140345
3.140671
3.143852
3.142879
3.142963
3.143186
3.140007
3.141851
3.143708
3.140465
3.143377
3.141395
3.140996
3.135933
3.136186
3.138613
3.147801
3.140150
3.142421
3.139675
3.139583
3.141042
3.142595
3.144301
3.139035
3.142656
3.143360
3.143436
3.141402
3.137952
3.142124
3.138420
3.142590
3.142783
3.140547
3.140004
3.139810
3.141753
3.139155
3.142649
3.144991
3.144906
3.140889
3.146652
3.138631
3.138526
3.145182
3.141401
3.143783
3.141677
3.139440
3.140782
3.143075
3.139786
3.143794
3.144102
3.144504
3.140941
3.140552
3.136918
3.141299
3.144721
3.139608
3.144190
3.141857
3.141853
3.142886
3.139416
3.144494
3.142613
3.143442
3.143677
3.140340
3.142140
3.144388
3.140945
3.143764
3.139721
3.140014
3.140011
3.141830
3.139816
3.144483
3.142346
3.141923
3.142851
3.140853
3.141795
3.140679
3.137953
3.140989
3.138661
3.143565
3.140653
3.139834
3.143416
3.138976
3.139549
3.141579
3.143082
3.141557
3.142922
3.141643
3.140414
3.145668
3.142833
3.143960
3.143221
3.144678
3.143148
3.143496
3.145111
3.144013
3.143225
3.143688
3.144381
3.140553
3.141929
3.142672
3.143739
3.140998
3.137842
3.141529
3.141195
3.140940
3.140879
3.141607
3.141280
3.142058
3.140871
3.143427
3.143386
3.143769
3.140870
3.136698
3.141500
3.141446
3.142509
3.145920
3.140154
3.141710
3.142357
3.140722
3.142507
3.141923
3.141727
3.144367
3.141319
3.138299
3.140218
3.141764
3.143917
3.143799
3.140496
3.144611
3.141781
3.140442
3.138277
3.136555
3.141344
3.142239
3.139127
3.141732
3.140702
3.142928
3.140844
3.142664
3.145458
3.143232
3.143769
3.142320
3.143832
3.139281
3.140537
3.141999
3.143019
3.142688
3.137729
3.139510
3.142505
3.141655
3.141886
3.141030
3.144832
3.141264
3.139620
3.139233
3.140358
3.140560
3.139344
3.141979
3.138103
3.142772
3.144108
3.143303
3.139160
3.142621
3.138339
3.141955
3.142815
3.140092
3.140350
3.143206
3.140223
3.144542
3.139579
3.144752
3.141686
3.141209
3.139113
3.139102
3.141509
3.141194
3.141120
3.139887
3.141013
3.145139
3.137039
3.140917
3.137470
3.141559
3.145837
3.140522
3.142612
3.138886
3.143457
3.136483
3.131802
3.137478
3.140701
3.140415
3.137722
3.141098
3.142185
3.140331
3.140334
3.142941
3.139771
3.143031
3.141515
3.144218
3.143532
3.143816
3.141353
3.143119
3.146606
3.141510
3.141710
3.140702
3.138305
3.144744
3.139611
3.139972
3.143763
3.142195
3.139954
3.145370
3.138076
3.145228
3.139450
3.142025
3.140760
3.143964
3.142398
3.144235
3.141249
3.142988
3.140549
3.143945
3.139465
3.140720
3.139493
3.139853
3.139836
3.141440
3.141478
3.141705
3.136644
3.144546
3.144144
3.143176
3.142453
3.141835
3.138762
3.140300
3.145437
3.142483
3.141809
3.143081
3.136574
3.140460
3.143773
3.143776
3.144656
3.140620
3.144334
3.139018
3.142085
3.141983
3.140950
3.143137
3.138988
3.138074
3.147533
3.136260
3.138377
3.141438
3.138857
3.136172
3.143275
3.140715
3.138976
3.142256
3.142794
3.141735
3.142682
3.145834
3.141432
3.145728
3.143838
3.144388
3.137564
3.139362
3.140114
3.142473
3.146009
3.138380
3.144559
3.144140
3.143658
3.142616
3.136696
3.142982
3.145841
3.141729
3.143710
3.144404
3.142070
3.144444
3.143341
3.136021
3.142290
3.142065
3.140356
3.136783
3.140721
3.140725
3.140404
3.140973
3.141797
3.142200
3.140734
3.141386
3.138956
3.144183
3.142298
3.144836
3.140630
3.139663
3.142365
3.142127
3.142798
3.142216
3.144160
3.140832
3.142033
3.142022
3.142782
3.139457
3.142231
3.141863
3.140416
3.144603
3.140883
3.139602
3.139784
3.141133
3.141102
3.139218
3.142536
3.141633
3.142713
3.137565
3.140614
3.141426
3.139181
3.144640
3.142676
3.141233
3.141257
3.142726
3.140291
3.139658
3.142345
3.143929
3.141502
3.139234
3.144833
3.143598
3.143915
3.140048
3.141186
3.143992
3.141855
3.137615
3.140687
3.140888
3.143958
3.142745
3.143144
3.142608
3.144098
3.144115
3.143401
3.139270
3.142991
3.143205
3.138674
3.141834
3.137570
3.140695
3.139172
3.139162
3.141338
3.138849
3.140385
3.139585
3.144026
3.138517
3.141766
3.141946
3.139629
3.137253
3.140037
3.145350
3.138841
3.143439
3.143605
3.140054
3.140554
3.144883
3.141450
3.142621
3.141653
3.142837
3.142317
3.143202
3.144819
3.141492
3.140946
3.141254
3.141102
3.139058
3.142118
3.140407
3.137057
3.144219
3.140606
3.144922
3.142806
3.142125
3.142717
3.143092
3.140808
3.146527
3.140369
3.139750
3.145182
3.138709
3.143517
3.142257
3.140051
3.140892
3.138653
3.142316
3.142663
3.142997
3.142831
3.143462
3.142796
3.143804
3.141528
3.141585
3.141352
3.139164
3.141661
3.143174
3.143352
3.138006
3.142953
3.136525
3.142333
3.143891
3.141309
3.143109
3.141517
3.142651
3.139553
3.142663
3.140535
3.142649
3.142040
3.136445
3.142772
3.139583
3.141233
3.140974
3.143314
3.137059
3.144501
3.138208
3.143150
3.143012
3.143324
3.138350
3.141861
3.145075
3.141585
3.144068
3.141478
3.142861
3.138221
3.140958
3.144015
3.137703
3.140700
3.141787
3.143216
3.143272
3.145094
3.142729
3.141368
3.142166
3.140799
3.142861
3.141373
3.138490
3.142502
3.142345
3.143436
3.140975
3.143422
3.139032
3.136973
3.138572
3.141184
3.143569
3.143105
3.138993
3.143951
3.141213
3.140663
3.143079
3.142176
3.145296
3.142315
3.145048
3.143366
3.141871
3.143385
3.141351
3.143204
3.145289
3.143502
3.140838
3.141945
3.139003
3.141446
3.141230
3.137917
3.141648
3.141850
3.135457
3.143025
3.139389
3.139339
3.144421
3.144457
3.141573
3.142179
3.140053
3.140401
3.147653
3.142012
3.140517
3.142562
3.144705
3.141097
3.140861
3.141792
3.145026
3.142705
3.138299
3.137998
3.144070
3.139335
3.138326
3.141048
3.143075
3.140764
3.141871
3.141220
3.142531
3.143169
3.142788
3.141952
3.141387
3.141390
3.140033
3.139086
3.140356
3.143059
3.140435
3.137806
3.138325
3.143413
3.141662
3.146867
3.136902
3.142521
3.138939
3.141519
3.144763
3.143468
3.140474
3.138081
3.139118
3.143215
3.142231
3.141944
3.142388
3.141602
3.135804
3.141193
3.139888
3.137689
3.139422
3.139602
3.142983
3.143715
3.140644
3.140588
3.145693
3.141907
3.142009
3.140410
3.141962
3.143126
3.140656
3.142181
3.143390
3.144494
3.142583
3.144132
3.144076
3.144197
3.144540
3.143658
3.141546
3.140075
3.142939
3.140481
3.142919
3.140860
3.142211
3.142796
3.137946
3.142449
3.144603
3.141873
3.139719
3.140689
3.140039
3.138729
3.145075
3.139781
3.141508
3.140232
3.143375
3.140271
3.140542
3.135704
3.141324
3.135470
3.138109
3.139697
3.143722
3.141691
3.142848
3.143111
3.141107
3.139658
3.143660
3.142797
3.141458
3.142718
3.142825
3.137960
3.138458
3.139724
3.142185
3.143703
3.139330
3.140913
3.139825
3.139808
3.144990
3.146662
3.141487
3.140887
3.142974
3.141113
3.143733
3.141957
3.143589
3.139303
3.143049
3.141975
3.141154
3.145080
3.137925
3.140016
3.141225
3.143172
3.140939
3.139252
3.143076
3.145294
3.142901
3.143467
3.139696
3.140657
3.141029
3.143141
3.141326
3.141491
3.139496
3.142551
3.140323
3.139538
3.140414
3.142336
3.141738
3.140953
3.141673
3.141688
3.139316
3.140952
3.139968
3.140816
3.144129
3.143416
3.139748
3.140081
3.140761
3.139081
3.145827
3.142510
3.145670
3.143366
3.142628
3.140789
3.142859
3.143596
3.141223
3.144148
3.141042
3.140293
3.140084
3.143566
3.144199
3.140833
3.142797
3.140685
3.143586
3.138904
3.142885
3.137119
3.140527
3.139881
3.141907
3.139605
3.140398
3.140151
3.143991
3.142929
3.137191
3.141498
3.139263
3.137586
3.143583
3.145919
3.142377
3.141035
3.142511
3.143193
3.139462
3.143563
3.142337
3.141744
3.141280
3.142755
3.142297
3.140214
3.140870
3.144281
3.136624
3.140099
3.138402
3.144899
3.142236
3.139205
3.145385
3.140942
3.140594
3.142289
3.140881
3.142071
3.147192
3.143200
3.138354
3.141719
3.142136
3.138435
3.139643
3.142725
3.141402
3.144056
3.139994
3.141182
3.139408
3.142773
3.142311
3.140735
3.143908
3.140983
3.148056
3.142287
3.140846
3.140601
3.139218
3.139812
3.140432
3.143518
3.139009
3.140810
3.143011
3.140746
3.144027
3.143185
3.141016
3.142936
3.143535
3.141844
3.141536
3.140473
3.139753
3.143986
3.138947
3.141151
3.142396
3.141905
3.140076
3.140605
3.142293
3.140599
3.141121
3.142441
3.141260
3.142978
3.144943
3.139478
3.142303
3.144716
3.140898
3.141217
3.141581
3.141906
3.141030
3.145243
3.138749
3.143560
3.142280
3.143269
3.143259
3.143710
3.141938
3.137289
3.143597
3.139890
3.139924
3.144312
3.143166
3.144241
3.142409
3.141447
3.146051
3.144686
3.139319
3.140646
3.141575
3.142680
3.141530
3.142962
3.138212
3.144982
3.142209
3.143168
3.142221
3.140739
3.141308
3.138450
3.141804
3.141581
3.143796
3.142567
3.143494
3.143992
3.141954
3.137466
3.140283
3.141014
3.143308
3.140763
3.145937
3.139683
3.143758
3.146765
3.138670
3.143063
3.140144
3.140147
3.138377
3.142999
3.142137
3.139514
3.141084
3.142940
3.143325
3.141831
3.140363
3.141731
3.141270
3.143957
3.140044
3.141967
3.142558
3.144118
3.142257
3.141622
3.143256
3.140922
3.138344
3.140490
3.139844
3.138842
3.141268
3.139909
3.141635
3.143423
3.141760
3.141263
3.138989
3.143122
3.141247
3.140764
3.143529
3.145432
3.144992
3.138738
3.142785
3.140919
3.145562
3.140869
3.145106
3.141155
3.142533
3.140843
3.140784
3.140905
3.141431
3.143747
3.139683
3.145705
3.138757
3.142148
3.142356
3.144981
3.142933
3.143469
3.139590
3.141438
3.138044
3.140282
3.140056
3.141617
3.140478
3.144849
3.143567
3.145089
3.140943
3.142762
3.143509
3.138466
3.141965
3.143318
3.141797
3.139662
3.142378
3.142059
3.138675
3.146089
3.143553
3.142838
3.142333
3.142447
3.142221
3.140683
3.141546
3.138272
3.141218
3.143897
3.140569
3.141746
3.143238
3.141671
3.143965
3.139219
3.142408
3.142621
3.135864
3.142287
3.141432
3.144847
3.140654
3.140990
3.142158
3.142661
3.141048
3.141106
3.141929
3.140373
3.139402
3.140410
3.140031
3.143735
3.137623
3.140120
3.142235
3.138852
3.140831
3.141129
3.140449
3.141768
3.141224
3.142715
3.139391
3.144392
3.145470
3.142215
3.139687
3.140298
3.145522
3.142957
3.144212
3.139831
3.141240
3.142421
3.139926
3.139844
3.143577
3.143782
3.141184
3.139329
3.143630
3.142075
3.138848
3.145439
3.142457
3.142625
3.141103
3.137743
3.141519
3.140413
3.139186
3.142402
3.140355
3.139789
3.141352
3.142499
3.141584
3.141330
3.139077
3.144001
3.138973
3.145760
3.142762
3.144188
3.142944
3.141634
3.137911
3.140626
3.140379
3.145332
3.139420
3.141620
3.139762
3.140467
3.139988
3.142546
3.143482
3.141088
3.139909
3.140917
3.141316
3.142026
3.142016
3.141489
3.140164
3.139437
3.138740
3.143418
3.139422
3.140593
3.141485
3.140654
3.142330
3.142192
3.140985
3.143548
3.144693
3.143164
3.139629
3.141352
3.139951
3.142797
3.142472
3.143440
3.139642
3.139596
3.143842
3.143444
3.139818
3.139002
3.140831
3.138705
3.145227
3.141749
3.141613
3.142513
3.140958
3.142591
3.141200
3.140851
3.143913
3.141226
3.141060
3.143672
3.142536
3.143404
3.140853
3.141389
3.142142
3.141219
3.144397
3.143329
3.143216
3.140384
3.141783
3.138547
3.141353
3.141979
3.141945
3.144424
3.139481
3.143819
3.135376
3.143287
3.143681
3.145114
3.142425
3.142705
3.140875
3.138899
3.147127
3.142613
3.141603
3.140919
3.142567
3.144052
3.139699
3.141864
3.143306
3.145452
3.142523
3.145011
3.141920
3.141501
3.141438
3.142271
3.142947
3.142162
3.142465
3.139306
3.142922
3.136222
3.142001
3.145122
3.137963
3.139102
3.141099
3.140327
3.144143
3.141132
3.143091
3.139883
3.139694
3.142919
3.142909
3.140645
3.138975
3.143367
3.141403
3.141981
3.146838
3.141375
3.143026
3.141489
3.141138
3.142464
3.141108
3.140895
3.142442
3.143642
3.141424
3.142743
3.140736
3.139417
3.144898
3.137067
3.145483
3.142771
3.143186
3.141933
3.141607
3.142082
3.141219
3.144280
3.143470
3.141603
3.140358
3.142665
3.143163
3.140838
3.142786
3.145891
3.139296
3.141482
3.140328
3.140587
3.141007
3.143472
3.141722
3.138388
3.140667
3.142273
3.141882
3.137859
3.142417
3.143128
3.142946
3.143651
3.143023
3.140289
3.141707
3.143744
3.142034
3.139034
3.138508
3.143278
3.141141
3.141435
3.141289
3.140686
3.142679
3.141874
3.140992
3.138881
3.139869
3.141902
3.142510
3.143350
3.141038
3.143977
3.139478
3.142642
3.139881
3.141230
3.140919
3.141751
3.140604
3.144749
3.139129
3.141348
3.141848
3.144989
3.141883
3.140684
3.143036
3.142867
3.144657
3.139364
3.139692
3.143617
3.142803
3.144851
3.143246
3.139447
3.140177
3.140588
3.139634
3.141486
3.141548
3.142324
3.140537
3.143197
3.142119
3.144607
3.141015
3.139195
3.141794
3.141360
3.139564
3.140298
3.144316
3.141359
3.141497
3.142307
3.139788
3.139414
3.141549
3.141281
3.141284
3.146333
3.141178
3.143653
3.140730
3.140486
3.141524
3.142133
3.136318
3.142526
3.143340
3.141743
3.141623
3.141478
3.143362
3.139733
3.142444
3.142617
3.142831
3.140614
3.139295
3.140167
3.139419
3.139522
3.139454
3.138207
3.143743
3.140431
3.140346
3.141786
3.139549
3.142553
3.142415
3.140478
3.138219
3.140378
3.143486
3.142686
3.142284
3.141297
3.139819
3.139898
3.138613
3.143573
3.143353
3.140793
3.139836
3.139079
3.138018
3.140839
3.140783
3.138331
3.142490
3.143725
3.142133
3.142153
3.143230
3.139536
3.143264
3.143366
3.141722
3.140698
3.145573
3.144922
3.138384
3.140820
3.142759
3.141747
3.142017
3.138662
3.137966
3.141314
3.141976
3.139985
3.139388
3.145950
3.141846
3.141913
3.140000
3.141412
3.141595
3.139421
3.142229
3.139840
3.136963
3.142626
3.139837
3.142864
3.140727
3.143107
3.142836
3.144594
3.140784
3.141897
3.143735
3.140886
3.145279
3.148120
3.141597
3.143735
3.144701
3.142794
3.142501
3.141534
3.140418
3.137799
3.143688
3.142160
3.144139
3.142153
3.138800
3.142686
3.141727
3.139464
3.139085
3.140901
3.140046
3.142620
3.142970
3.141988
3.142633
3.143677
3.141874
3.140940
3.141943
3.140679
3.142463
3.143165
3.143295
3.142465
3.141791
3.142487
3.141600
3.142614
3.141871
3.142815
3.137875
3.143305
3.137558
3.144747
3.139786
3.142738
3.140450
3.140585
3.140473
3.144183
3.140732
3.141115
3.141867
3.141179
3.142933
3.141858
3.140743
3.142474
3.143473
3.139629
3.143944
3.141338
3.140334
3.139537
3.138590
3.140083
3.138988
3.140434
3.143232
3.142176
3.142627
3.146653
3.144029
3.142480
3.139425
3.141048
3.138777
3.141674
3.145013
3.144717
3.143094
3.143120
3.140040
3.141971
3.142536
3.140135
3.138096
3.142710
3.143630
3.143615
3.144133
3.141946
3.147226
3.139006
3.138384
3.143079
3.136466
3.139390
3.138070
3.143415
3.138586
3.139018
3.142461
3.138910
3.142288
3.140792
3.139457
3.143565
3.139360
3.139831
3.141469
3.144112
3.143549
3.142900
3.142411
3.140785
3.142941
3.142441
3.142478
3.143388
3.142460
3.140128
3.141951
3.140208
3.141586
3.141395
3.145133
3.141018
3.142189
3.144552
3.141989
3.143325
3.140832
3.142316
3.142125
3.145590
3.141298
3.140117
3.145090
3.142314
3.141326
3.138091
3.140284
3.139570
3.138999
3.138393
3.141274
3.143841
3.141995
3.138241
3.141364
3.142060
3.141744
3.141213
3.144067
3.141837
3.140432
3.143858
3.143849
3.142341
3.145437
3.138896
3.139308
3.139997
3.139070
3.138789
3.140482
3.141556
3.146893
3.141505
3.144619
3.141861
3.140278
3.142858
3.138131
3.140665
3.143216
3.143530
3.139994
3.141548
3.143328
3.138571
3.140390
3.142656
3.140583
3.142322
3.139259
3.144441
3.143510
3.141388
3.144595
3.140952
3.140531
3.139393
3.141350
3.140940
3.141937
3.140409
3.137996
3.136238
3.142991
3.141013
3.140559
3.140731
3.140502
3.141965
3.142216
3.142963
3.142531
3.141062
3.140383
3.142702
3.139132
3.141450
3.141346
3.142987
3.139685
3.140476
3.144154
3.143374
3.143399
3.140492
3.142481
3.139665
3.138774
3.142123
3.140214
3.138991
3.138241
3.141284
3.142872
3.143368
3.140427
3.140340
3.141376
3.145158
3.139439
3.145740
3.140786
3.139077
3.144327
3.141804
3.140168
3.143929
3.138581
3.143452
3.143168
3.144835
3.141951
3.142732
3.142258
3.141583
3.140482
3.139835
3.140969
3.143783
3.142525
3.138351
3.142043
3.142790
3.145115
3.144966
3.140414
3.143068
3.142086
3.142022
3.141750
3.141099
3.139128
3.143082
3.142733
3.139036
3.138039
3.142600
3.142943
3.141164
3.141351
3.136413
3.142724
3.139339
3.142545
3.138535
3.142008
3.138095
3.143486
3.143142
3.142950
3.138258
3.144142
3.141145
3.143344
3.143390
3.143354
3.140554
3.142718
3.140554
3.140785
3.140866
3.142433
3.142324
3.140128
3.140938
3.138837
3.139013
3.140067
3.139069
3.140662
3.142377
3.144641
3.139391
3.140250
3.137530
3.141422
3.141814
3.139922
3.142935
3.141077
3.141163
3.139112
3.140708
3.141349
3.140547
3.143062
3.141234
3.141980
3.141156
3.141719
3.138378
3.141774
3.143107
3.140083
3.140202
3.144011
3.140933
3.138272
3.144488
3.140631
3.141077
3.142314
3.138818
3.144184
3.140783
3.137173
3.138415
3.141582
3.141756
3.137788
3.141916
3.139502
3.140041
3.141791
3.140749
3.138983
3.146505
3.141044
3.141742
3.141298
3.142134
3.138234
3.141730
3.140806
3.140681
3.143068
3.140091
3.141164
3.141095
3.142862
3.140207
3.143010
3.142560
3.141626
3.139716
3.141124
3.143319
3.142484
3.138218
3.140529
3.138401
3.142637
3.141318
3.140512
3.141406
3.142377
3.141868
3.143317
3.144227
3.141534
3.139173
3.139758
3.142460
3.141742
3.140310
3.143505
3.142354
3.143691
3.142447
3.142191
3.139646
3.139577
3.140799
3.142887
3.143965
3.141756
3.139849
3.143505
3.138654
3.142281
3.140387
3.141897
3.143473
3.141036
3.139822
3.142679
3.144764
3.144711
3.143672
3.140044
3.145539
3.142409
3.144234
3.139217
3.145563
3.139973
3.136912
3.140055
3.140840
3.143768
3.144191
3.139568
3.141309
3.142695
3.139790
3.141448
3.143866
3.142092
3.141898
3.140049
3.144393
3.143702
3.141657
3.147718
3.145171
3.140584
3.143658
3.143235
3.144590
3.144096
3.141050
3.144024
3.140439
3.138964
3.139316
3.139766
3.143937
3.142849
3.140673
3.140594
3.140836
3.145304
3.139796
3.141470
3.139262
3.142808
3.145178
3.140631
3.138110
3.139233
3.145294
3.143665
3.140677
3.144479
3.142068
3.142647
3.141894
3.139864
3.141622
3.141526
3.142240
3.143258
3.143271
3.138643
3.142283
3.141243
3.141560
3.141964
3.139167
3.140564
3.138565
3.139734
3.142589
3.143014
3.139667
3.140618
3.140523
3.142222
3.141612
3.140710
3.140875
3.142545
3.141286
3.138711
3.142298
3.139659
3.140284
3.140817
3.138650
3.140092
3.143978
3.143310
3.141506
3.141822
3.139289
3.141324
3.139133
3.140119
3.137436
3.140675
3.142849
3.140789
3.140759
3.144757
3.140947
3.139314
3.147197
3.140291
3.139560
3.144224
3.143709
3.142406
3.141173
3.142054
3.144106
3.140879
3.143566
3.140598
3.141172
3.145135
3.141921
3.139881
3.142900
3.142342
3.144445
3.142003
3.141074
3.140027
3.138996
3.138574
3.142779
3.143507
3.144252
3.142995
3.142492
3.143301
3.139379
3.140919
3.142314
3.138501
3.143559
3.140387
3.139960
3.138878
3.140443
3.139082
3.141602
3.140896
3.141210
3.139930
3.142605
3.144394
3.141483
3.143776
3.141048
3.142000
3.141161
3.141115
3.146338
3.142846
3.141739
3.141816
3.136606
3.139807
3.141111
3.142367
3.146990
3.143587
3.141587
3.143698
3.142159
3.141220
3.140730
3.141444
3.141473
3.142941
3.140714
3.140765
3.141809
3.140967
3.142386
3.140700
3.140248
3.141571
3.141578
3.138339
3.140505
3.142066
3.143900
3.142124
3.142484
3.140283
3.137234
3.141760
3.141747
3.138203
3.141864
3.140778
3.140317
3.141935
3.141516
3.139952
3.140338
3.143106
3.139443
3.145736
3.141765
3.141166
3.141334
3.142108
3.136570
3.144795
3.138156
3.140750
3.141338
3.140543
3.141572
3.139096
3.142879
3.142286
3.138068
3.142269
3.143234
3.141419
3.142213
3.141471
3.138728
3.142554
3.144596
3.139740
3.142954
3.140690
3.141701
3.143608
3.141881
3.141714
3.145885
3.142312
3.141461
3.141437
3.143332
3.139761
3.141821
3.143084
3.139197
3.138824
3.141645
3.138649
3.142666
3.142716
3.143359
3.139328
3.142342
3.143631
3.144580
3.144307
3.141891
3.140989
3.141690
3.143210
3.143202
3.138874
3.139183
3.141358
3.141741
3.140122
3.143817
3.146138
3.140135
3.140555
3.140150
3.141357
3.141117
3.141309
3.141486
3.140348
3.142688
3.144537
3.139085
3.140353
3.142703
3.142104
3.142860
3.139288
3.143018
3.142709
3.141857
3.143061
3.142626
3.144530
3.140935
3.139768
3.143278
3.140890
3.142882
3.140795
3.144297
3.140321
3.141523
3.142109
3.144694
3.140521
3.141643
3.146262
3.142179
3.141214
3.142956
3.140736
3.145110
3.138855
3.140313
3.141134
3.141378
3.140289
3.138827
3.136394
3.140722
3.142005
3.139504
3.140477
3.138974
3.139869
3.139971
3.138422
3.141481
3.140367
3.141124
3.139371
3.144184
3.140969
3.141213
3.143023
3.140987
3.139633
3.139275
3.138691
3.138589
3.141570
3.138370
3.142245
3.141143
3.137233
3.143230
3.140649
3.142497
3.139080
3.143202
3.139629
3.142067
3.142723
3.140342
3.140287
3.140603
3.142753
3.140917
3.142235
3.140561
3.145988
3.140801
3.143716
3.138484
3.143225
3.143159
3.140934
3.140728
3.141126
3.140712
3.141585
3.141243
3.141188
3.139445
3.144013
3.140023
3.140167
3.141987
3.141234
3.140294
3.141406
3.139232
3.143165
3.139789
3.144601
3.144634
3.140848
3.140304
3.139740
3.141339
3.142132
3.141703
3.141534
3.142565
3.140748
3.139353
3.141741
3.140584
3.141086
3.142184
3.139688
3.140236
3.142326
3.140677
3.143317
3.140350
3.141463
3.141902
3.139803
3.141502
3.139528
3.139780
3.141763
3.142455
3.143432
3.141983
3.141845
3.141552
3.143461
3.140769
3.141440
3.142489
3.141491
3.141856
3.144043
3.138056
3.142262
3.144288
3.141159
3.143040
3.141992
3.140944
3.142969
3.140727
3.142166
3.140835
3.142579
3.144050
3.143318
3.141424
3.140145
3.146992
3.139323
3.140194
3.141275
3.140178
3.140294
3.144607
3.140434
3.141411
3.143328
3.142871
3.144694
3.141498
3.141135
3.138270
3.143790
3.142230
3.138820
3.142208
3.139809
3.143465
3.140077
3.143835
3.142199
3.144813
3.138929
3.144580
3.140247
3.146020
3.144344
3.142102
3.141343
3.139056
3.143817
3.145516
3.138750
3.140003
3.142149
3.141761
3.139414
3.140815
3.143135
3.142721
3.142928
3.142735
3.139897
3.142206
3.140642
3.143448
3.140000
3.142810
3.139579
3.141368
3.138810
3.139310
3.137384
3.144249
3.143395
3.143207
3.139964
3.140438
3.141445
3.146014
3.143618
3.143738
3.139810
3.138102
3.140517
3.145134
3.142023
3.143305
3.142790
3.142209
3.141853
3.140310
3.143070
3.144157
3.138870
3.140315
3.143165
3.146869
3.137229
3.139900
3.141799
3.144868
3.141252
3.141300
3.140250
3.142286
3.142084
3.143026
3.139959
3.142453
3.144487
3.142218
3.144792
3.142365
3.143765
3.140809
3.140265
3.139503
3.140780
3.141486
3.143054
3.143642
3.141055
3.144441
3.141116
3.138826
3.139195
3.143196
3.142557
3.138062
3.144094
3.141861
3.137613
3.143565
3.140987
3.143412
3.138229
3.142872
3.141267
3.140542
3.140244
3.144233
3.140188
3.141080
3.140579
3.143463
3.145122
3.145373
3.142281
3.143091
3.141336
3.140967
3.140137
3.141236
3.143594
3.141977
3.137924
3.140926
3.139300
3.141666
3.141101
3.141838
3.145725
3.138659
3.141602
3.142527
3.141450
3.137681
3.139970
3.141087
3.138171
3.142388
3.141124
3.143046
3.141337
3.140737
3.139798
3.141298
3.142414
3.141728
3.145899
3.143787
3.143753
3.139714
3.145472
3.142339
3.140541
3.141266
3.144918
3.139598
3.142724
3.142443
3.138601
3.138740
3.143328
3.141184
3.141575
3.139664
3.140066
3.138322
3.140873
3.140997
3.144480
3.143342
3.141226
3.141959
3.140862
3.143194
3.140913
3.138894
3.140035
3.140764
3.139310
3.141922
3.140806
3.142773
3.139985
3.140919
3.141923
3.144020
3.140997
3.141583
3.143437
3.140611
3.144423
3.142714
3.141675
3.139756
3.140724
3.141913
3.143399
3.141249
3.142664
3.138816
3.143523
3.143253
3.137332
3.141183
3.142486
3.143252
3.141215
3.141268
3.141165
3.145594
3.143272
3.142808
3.144320
3.139737
3.139217
3.138152
3.140020
3.143091
3.140882
3.141577
3.143534
3.141135
3.141684
3.137738
3.145150
3.140323
3.140821
3.141470
3.139995
3.142526
3.137987
3.141534
3.141657
3.139787
3.141506
3.143250
3.143987
3.140848
3.143771
3.142983
3.139705
3.138913
3.144869
3.140757
3.139590
3.142051
3.142158
3.143125
3.141204
3.142974
3.143451
3.141091
3.139531
3.140172
3.143808
3.143311
3.140699
3.142846
3.141048
3.141574
3.137541
3.146540
3.139541
3.143961
3.143973
3.140621
3.143135
3.144144
3.139870
3.143669
3.142022
3.145636
3.143262
3.144708
3.141056
3.139256
3.141653
3.142730
3.143568
3.143212
3.140284
3.139162
3.141154
3.142678
3.142208
3.143717
3.140403
3.142806
3.141054
3.145971
3.140780
3.140758
3.142136
3.142854
3.141902
3.142754
3.138977
3.137629
3.142552
3.140271
3.138655
3.139888
3.140858
3.142289
3.141845
3.142998
3.143010
3.140662
3.138845
3.140354
3.138637
3.141583
3.143746
3.145492
3.146108
3.142623
3.143982
3.143821
3.140872
3.141820
3.139639
3.140007
3.142598
3.140750
3.138095
3.140383
3.141964
3.143811
3.136855
3.145694
3.140366
3.139508
3.142121
3.143828
3.137139
3.142873
3.141117
3.142858
3.142682
3.142334
3.140810
3.146579
3.144636
3.142421
3.141056
3.144079
3.142956
3.143767
3.142437
3.143569
3.140898
3.142759
3.140483
3.141378
3.140710
3.142610
3.142962
3.143506
3.143020
3.141589
3.141217
3.140973
3.141945
3.143366
3.141615
3.142070
3.143938
3.141504
3.140025
3.141036
3.140305
3.143638
3.141943
3.140888
3.140261
3.142756
3.140098
3.140843
3.141534
3.141413
3.146393
3.140405
3.142810
3.144988
3.141203
3.141687
3.143054
3.140415
3.144045
3.140336
3.140064
3.141323
3.142954
3.141514
3.141634
3.139183
3.143624
3.143572
3.140309
3.143964
3.142186
3.143007
3.141593
3.145241
3.142695
3.143510
3.143522
3.142055
3.139941
3.144424
3.138247
3.139846
3.143480
3.143678
3.142926
3.140365
3.143146
3.143021
3.141335
3.139929
3.140112
3.141557
3.142679
3.139655
3.140870
3.142275
3.141705
3.141761
3.142506
3.144872
3.142325
3.142928
3.136709
3.142126
3.140532
3.141262
3.140981
3.140539
3.138273
3.141149
3.141980
3.142422
3.142014
3.140139
3.143428
3.139144
3.141769
3.138024
3.142627
3.142195
3.138343
3.140621
3.142888
3.143548
3.142440
3.139282
3.142147
3.143975
3.142706
3.141409
3.143499
3.141837
3.139713
3.140659
3.143492
3.142137
3.144751
3.142074
3.140822
3.141577
3.142386
3.145100
3.141511
3.142388
3.145164
3.140595
3.142419
3.142474
3.144521
3.143255
3.145451
3.144575
3.141165
3.142264
3.141965
3.142651
3.142120
3.139547
3.140854
3.141530
3.141542
3.141515
3.144605
3.142935
3.142026
3.140608
3.145518
3.142628
3.139346
3.139867
3.140896
3.140661
3.146546
3.142190
3.138330
3.140085
3.142265
3.143147
3.141558
3.141405
3.139748
3.144650
3.141238
3.141670
3.141813
3.142424
3.144872
3.143564
3.140933
3.141582
3.143628
3.140374
3.143149
3.141190
3.143028
3.145555
3.139517
3.142397
3.140734
3.140306
3.140622
3.140133
3.139846
3.139969
3.140878
3.143031
3.144489
3.140181
3.140039
3.142253
3.143537
3.143573
3.141147
3.141096
3.138001
3.139049
3.139437
3.142771
3.139268
3.140907
3.141252
3.139622
3.143234
3.141326
3.143435
3.143322
3.142891
3.142085
3.141693
3.141262
3.142327
3.141920
3.141471
3.143117
3.141696
3.142102
3.144622
3.138874
3.141556
3.138826
3.142271
3.142077
3.142832
3.137290
3.142539
3.140708
3.144261
3.136087
3.141516
3.140626
3.142647
3.144323
3.142939
3.141738
3.143375
3.143650
3.140053
3.143366
3.141011
3.143773
3.142170
3.139188
3.141006
3.142497
3.140182
3.140156
3.142097
3.141630
3.141043
3.144826
3.144033
3.141151
3.142464
3.142566
3.143032
3.139940
3.139971
3.138143
3.141123
3.138554
3.140674
3.140323
3.141648
3.143576
3.141118
3.138894
3.142292
3.139936
3.141179
3.142757
3.139990
3.141191
3.143078
3.139358
3.137018
3.141610
3.143201
3.140847
3.141907
3.143874
3.140172
3.141976
3.142073
3.143286
3.141168
3.143047
3.143035
3.142413
3.142596
3.143065
3.142929
3.141412
3.140352
3.141231
3.140833
3.142772
3.140376
3.138994
3.141208
3.142614
3.143886
3.141700
3.145340
3.142755
3.142163
3.142683
3.143327
3.138116
3.143654
3.138358
3.140893
3.143166
3.140670
3.141987
3.142982
3.140207
3.140603
3.143021
3.144044
3.141222
3.145452
3.140102
3.140351
3.139191
3.143543
3.139827
3.141309
3.139538
3.140763
3.141614
3.142460
3.142699
3.144534
3.142987
3.142245
3.143891
3.145044
3.141461
3.138745
3.138762
3.142689
3.141848
3.138940
3.144635
3.141216
3.145410
3.141334
3.137746
3.137631
3.140575
3.141248
3.139359
3.142496
3.139322
3.141087
3.140650
3.146402
3.142497
3.143826
3.141363
3.143037
3.142061
3.143475
3.141286
3.144616
3.140611
3.140982
3.142234
3.142703
3.136983
3.140401
3.141870
3.141735
3.142063
3.136737
3.143170
3.138723
3.141115
3.138930
3.142500
3.138332
3.139630
3.139100
3.140582
3.140155
3.141396
3.142632
3.143175
3.140165
3.143189
3.140772
3.143828
3.142249
3.141541
3.142300
3.139302
3.141063
3.141968
3.143399
3.140040
3.140376
3.141995
3.142636
3.142385
3.144886
3.140580
3.142198
3.143201
3.142855
3.142261
3.140423
3.138026
3.142150
3.142377
3.141844
3.137135
3.140929
3.141457
3.142556
3.141916
3.142781
3.140185
3.142850
3.144704
3.141176
3.143531
3.143622
3.142607
3.141162
3.144003
3.143143
3.141773
3.138497
3.143079
3.139288
3.143480
3.140374
3.140190
3.141011
3.144138
3.140744
3.141041
3.140893
3.141490
3.145616
3.140928
3.139687
3.143092
3.141687
3.141886
3.143360
3.141091
3.143602
3.143669
3.142102
3.144093
3.140551
3.141375
3.140345
3.140231
3.136714
3.139974
3.142580
3.140567
3.138400
3.139974
3.138316
3.142460
3.141683
3.139559
3.140848
3.144095
3.142037
3.139313
3.142591
3.141307
3.144915
3.139001
3.142231
3.142405
3.137825
3.144905
3.138575
3.143624
3.142658
3.140579
3.142224
3.142594
3.144806
3.139151
3.141670
3.140477
3.139670
3.138696
3.144249
3.141295
3.141836
3.141727
3.141399
3.138446
3.137863
3.139138
3.141876
3.141331
3.143042
3.140318
3.139791
3.143219
3.140715
3.140049
3.142450
3.139970
3.145748
3.139177
3.139518
3.141027
3.140408
3.143039
3.139198
3.142144
3.137627
3.143066
3.137525
3.140980
3.140913
3.139951
3.142756
3.140118
3.142913
3.140854
3.142273
3.140549
3.142287
3.139780
3.145201
3.142228
3.138362
3.142658
3.142276
3.142675
3.139704
3.141010
3.145825
3.140765
3.143046
3.142831
3.143725
3.140950
3.139792
3.140256
3.142379
3.142131
3.140152
3.144107
3.137641
3.142675
3.139903
3.140058
3.142247
3.142923
3.140314
3.141898
3.145088
3.143051
3.144441
3.140099
3.141448
3.141542
3.138788
3.143496
3.140221
3.137956
3.142059
3.141739
3.141939
3.142872
3.142100
3.142199
3.143946
3.139579
3.141422
3.143275
3.139324
3.144259
3.139351
3.144313
3.140975
3.137877
3.138027
3.143170
3.138152
3.143082
3.143870
3.138711
3.140418
3.141891
3.142261
3.143236
3.139697
3.142910
3.141607
3.143318
3.142792
3.140801
3.142465
3.141714
3.142873
3.143205
3.143014
3.139631
3.142110
3.140704
3.141972
3.145225
3.140706
3.140048
3.141224
3.138123
3.141141
3.141771
3.140990
3.142229
3.137123
3.139036
3.138599
3.140955
3.143787
3.143679
3.143259
3.141943
3.139913
3.140542
3.139991
3.142921
3.143527
3.139019
3.138674
3.142165
3.144893
3.141808
3.140832
3.142361
3.141860
3.140441
3.142038
3.138723
3.143294
3.143419
3.141845
3.141377
3.140452
3.139710
3.140256
3.141185
3.143514
3.141809
3.142355
3.141298
3.141702
3.141900
3.141478
3.140203
3.138440
3.140764
3.137775
3.143157
3.139968
3.140417
3.141677
3.141333
3.142674
3.140840
3.140068
3.142480
3.142181
3.141591
3.141270
3.139137
3.142453
3.144048
3.141479
3.138282
3.140714
3.141958
3.141897
3.141112
3.143543
3.144272
3.143614
3.139552
3.141086
3.142166
3.141704
3.142242
3.139237
3.139166
3.140123
3.141805
3.143088
3.145356
3.141271
3.139326
3.141330
3.143393
3.141829
3.144118
3.139002
3.140873
3.142939
3.138329
3.139261
3.141753
3.140354
3.139803
3.140920
3.140823
3.141011
3.141452
3.140589
3.141547
3.141151
3.141800
3.142776
3.141465
3.143260
3.141179
3.137361
3.141636
3.139470
3.141840
3.140163
3.139265
3.138046
3.142192
3.140791
3.144308
3.138467
3.141200
3.143101
3.141539
3.138124
3.139356
3.140253
3.139668
3.140533
3.140084
3.143329
3.142978
3.142705
3.139749
3.139716
3.142462
3.139233
3.143784
3.141999
3.136844
3.141412
3.141464
3.142052
3.141414
3.143143
3.140363
3.141127
3.142135
3.139648
3.142017
3.141848
3.141935
3.140815
3.141259
3.140604
3.141119
3.140603
3.140570
3.140545
3.140290
3.141706
3.140740
3.139680
3.143238
3.139843
3.141685
3.139946
3.140852
3.142145
3.142174
3.143040
3.142502
3.139514
3.140196
3.141825
3.139463
3.143015
3.142365
3.141312
3.139001
3.140620
3.144435
3.141226
3.142077
3.138680
3.140842
3.139883
3.139877
3.143442
3.140716
3.141297
3.141474
3.143265
3.138939
3.138843
3.140545
3.143524
3.142831
3.140784
3.145976
3.143307
3.143435
3.143759
3.139792
3.138889
3.142210
3.142060
3.144305
3.141057
3.138990
3.141544
3.141305
3.142461
3.141622
3.142215
3.142248
3.144191
3.142825
3.143457
3.142717
3.141382
3.146194
3.138632
3.140995
3.137658
3.142652
3.141814
3.143813
3.142247
3.143558
3.144712
3.144446
3.143487
3.141154
3.141799
3.140141
3.139152
3.141667
3.142896
3.137115
3.143315
3.139293
3.139095
3.143026
3.139278
3.138566
3.143143
3.142374
3.141373
3.140983
3.140214
3.140354
3.144384
3.144658
3.142062
3.139757
3.143019
3.142073
3.140516
3.141903
3.139266
3.144444
3.142679
3.141831
3.140178
3.142712
3.141108
3.141701
3.139773
3.140927
3.143210
3.141105
3.139431
3.140522
3.141662
3.137651
3.144128
3.140033
3.138845
3.143907
3.142225
3.140446
3.142389
3.143097
3.139072
3.138209
3.139743
3.143144
3.145658
3.140690
3.139574
3.142415
3.141956
3.141918
3.142501
3.140933
3.146344
3.141483
3.143116
3.138810
3.141790
3.140862
3.139504
3.142753
3.142206
3.139896
3.139610
3.140255
3.141576
3.137753
3.142483
3.142711
3.138792
3.140812
3.139867
3.143949
3.145202
3.139887
3.142755
3.142934
3.141141
3.141205
3.140225
3.144361
3.140415
3.141394
3.141091
3.143776
3.142271
3.143695
3.144121
3.138969
3.146377
3.139821
3.141395
3.143097
3.142578
3.140823
3.139740
3.140280
3.143265
3.141418
3.141425
3.142693
3.141301
3.141334
3.140732
3.141929
3.142658
3.140712
3.138316
3.143854
3.139282
3.142328
3.141449
3.140813
3.140973
3.140826
3.142215
3.141305
3.143746
3.143871
3.139780
3.141089
3.140902
3.142567
3.142261
3.140631
3.144412
3.141709
3.144719
3.140631
3.138773
3.142165
3.141064
3.140565
3.140391
3.143399
3.142039
3.142515
3.139341
3.141070
3.141375
3.142031
3.143420
3.140252
3.140198
3.141117
3.143309
3.141959
3.141795
3.142674
3.142435
3.142665
3.141627
3.142980
3.141390
3.138682
3.144774
3.140905
3.141512
3.144328
3.139544
3.142259
3.143041
3.140550
3.143202
3.141439
3.144195
3.138391
3.142032
3.142515
3.142364
3.142646
3.140858
3.143109
3.139466
3.143008
3.142415
3.140724
3.140044
3.140999
3.137639
3.142726
3.143742
3.137716
3.141801
3.140212
3.139463
3.141824
3.144788
3.138071
3.140371
3.142400
3.141144
3.143329
3.139022
3.139112
3.140358
3.141713
3.141257
3.141595
3.140013
3.141686
3.142212
3.142802
3.141448
3.139370
3.138701
3.143163
3.140785
3.140320
3.141103
3.136904
3.139800
3.138207
3.141141
3.144415
3.142143
3.142471
3.145291
3.142170
3.139730
3.142858
3.145493
3.140603
3.142707
3.143609
3.140513
3.142125
3.139574
3.140398
3.138887
3.142676
3.140004
3.143119
3.142608
3.143988
3.143103
3.142705
3.143559
3.143213
3.142646
3.140328
3.143188
3.140102
3.142262
3.143397
3.142340
3.141960
3.143763
3.143700
3.145359
3.142020
3.140607
3.142909
3.140503
3.141169
3.141062
3.141997
3.140785
3.142386
3.143329
3.142044
3.142583
3.142749
3.140321
3.139508
3.140472
3.140799
3.144153
3.140873
3.139628
3.140015
3.141688
3.141180
3.144060
3.141396
3.143881
3.141633
3.141393
3.139535
3.143733
3.142355
3.139788
3.140897
3.141457
3.142047
3.142684
3.143213
3.141958
3.141843
3.142160
3.141078
3.144756
3.142106
3.144660
3.142844
3.142025
3.144160
3.143108
3.139929
3.141360
3.142868
3.140112
3.141525
3.141070
3.143009
3.141078
3.140701
3.138844
3.145409
3.141987
3.139317
3.142332
3.140541
3.142685
3.142532
3.143964
3.141700
3.145208
3.140635
3.141499
3.140812
3.140004
3.141289
3.140667
3.140428
3.139656
3.142300
3.139957
3.142975
3.141807
3.142359
3.140740
3.142269
3.138912
3.142345
3.143315
3.140935
3.140370
3.137509
3.141500
3.143130
3.141710
3.141605
3.142113
3.142601
3.140760
3.139019
3.142061
3.143119
3.139240
3.144393
3.142464
3.141217
3.144385
3.141178
3.136958
3.141160
3.144152
3.143720
3.141123
3.143334
3.139400
3.142347
3.139597
3.141596
3.144504
3.141429
3.136949
3.140863
3.139640
3.141368
3.144561
3.142040
3.141554
3.141800
3.141250
3.139959
3.141545
3.144688
3.140210
3.144242
3.144180
3.143523
3.141685
3.139604
3.142733
3.140105
3.143108
3.140938
3.142385
3.137724
3.139731
3.142998
3.141119
3.140297
3.141149
3.139297
3.139257
3.137884
3.141247
3.143921
3.140965
3.138862
3.140555
3.141752
3.143759
3.144137
3.141864
3.139669
3.144978
3.140096
3.140252
3.143337
3.143978
3.141038
3.140554
3.140552
3.142416
3.139146
3.138798
3.140820
3.140486
3.141893
3.139417
3.144141
3.140617
3.142165
3.145598
3.142952
3.142320
3.141428
3.141957
3.140947
3.140494
3.140155
3.139843
3.141342
3.141267
3.144990
3.142462
3.143276
3.140531
3.140759
3.142822
3.138842
3.142838
3.140304
3.145378
3.143311
3.146184
3.142767
3.140293
3.141089
3.140925
3.139505
3.140853
3.144658
3.144821
3.137774
3.143326
3.144189
3.144238
3.141096
3.142294
3.142334
3.138003
3.142202
3.142840
3.144321
3.141110
3.140434
3.141809
3.142650
3.138272
3.140477
3.141813
3.140540
3.141131
3.139579
3.142798
3.140447
3.142459
3.143828
3.139344
3.142054
3.139344
3.141102
3.140673
3.142121
3.141231
3.140784
3.141691
3.142213
3.144942
3.142838
3.139839
3.143235
3.139231
3.141667
3.143240
3.141806
3.138551
3.141708
3.143024
3.141978
3.141858
3.141923
3.140680
3.140011
3.140823
3.142796
3.142987
3.139707
3.143712
3.140550
3.141029
3.141815
3.142901
3.142093
3.139338
3.144626
3.141395
3.140925
3.143346
3.139450
3.142452
3.141460
3.143441
3.138486
3.143192
3.141817
3.142467
3.141720
3.140505
3.141147
3.143173
3.139514
3.142676
3.142320
3.142516
3.139779
3.140299
3.142559
3.138616
3.141974
3.140097
3.145072
3.144704
3.140200
3.141467
3.139733
3.140067
3.139758
3.141756
3.140275
3.144339
3.139376
3.142809
3.143365
3.139899
3.139465
3.141595
3.143930
3.139119
3.139692
3.143474
3.143878
3.141103
3.138694
3.139904
3.142023
3.142042
3.142157
3.142788
3.142282
3.143018
3.142018
3.141819
3.141456
3.139066
3.143441
3.142036
3.140957
3.142014
3.141505
3.141733
3.141371
3.141666
3.141978
3.141565
3.141287
3.141506
3.140462
3.138515
3.141834
3.143317
3.140015
3.144135
3.140980
3.139277
3.141072
3.141923
3.142999
3.144471
3.140783
3.141868
3.139944
3.141621
3.141238
3.142735
3.140541
3.140622
3.142060
3.141565
3.141309
3.140655
3.140674
3.140734
3.142384
3.141677
3.138338
3.144647
3.143263
3.141947
3.141570
3.141855
3.142220
3.140338
3.138518
3.138416
3.142281
3.143067
3.141410
3.140025
3.140552
3.144307
3.141385
3.141657
3.142155
3.138335
3.142550
3.142706
3.142503
3.141794
3.141080
3.141993
3.143106
3.139992
3.139615
3.142408
3.144917
3.140033
3.140085
3.140711
3.141436
3.140673
3.142799
3.141400
3.144032
3.140785
3.140837
3.141545
3.139180
3.141823
3.140488
3.141412
3.139425
3.143196
3.142223
3.141942
3.143509
3.139544
3.139902
3.138656
3.139135
3.140046
3.141926
3.142136
3.139704
3.143197
3.138091
3.142926
3.144130
3.143270
3.141448
3.141222
3.140147
3.139076
3.143361
3.142154
3.140930
3.141333
3.145385
3.143088
3.140855
3.142844
3.139870
3.141957
3.140337
3.140823
3.138049
3.140575
3.143083
3.142328
3.142868
3.143738
3.141085
3.142658
3.142102
3.143988
3.141738
3.142326
3.140366
3.141314
3.142848
3.142730
3.140675
3.142932
3.142727
3.141334
3.140782
3.143191
3.141975
3.141643
3.141125
3.139983
3.140229
3.143370
3.141376
3.142801
3.139829
3.139777
3.141577
3.139415
3.141486
3.139905
3.142034
3.139683
3.143451
3.140750
3.140950
3.141644
3.140706
3.140297
3.141332
3.140231
3.141427
3.141671
3.142027
3.141255
3.142974
3.140198
3.141125
3.141839
3.141253
3.141584
3.139484
3.143459
3.142770
3.142360
3.142111
3.141427
3.145370
3.139889
3.139608
3.140160
3.143827
3.142683
3.141329
3.142522
3.140778
3.142275
3.141341
3.142123
3.140585
3.142746
3.142871
3.141490
3.141693
3.142306
3.141487
3.144369
3.141335
3.142777
3.143324
3.139307
3.142696
3.141164
3.141650
3.139963
3.141588
3.141820
3.141354
3.142803
3.141879
3.141422
3.138761
3.141384
3.139224
3.141945
3.143790
3.142002
3.140391
3.141625
3.139331
3.142390
3.141262
3.143200
3.138697
3.141383
3.137221
3.139595
3.141172
3.141525
3.141928
3.144023
3.140354
3.144925
3.140913
3.142072
3.139904
3.141328
3.139128
3.140788
3.141035
3.140621
3.141697
3.138224
3.141529
3.142123
3.145047
3.142694
3.142916
3.136544
3.141357
3.142056
3.142201
3.141991
3.143143
3.143063
3.140589
3.142622
3.143190
3.143192
3.144665
3.141414
3.141653
3.140293
3.142732
3.143414
3.142010
3.141939
3.141248
3.141584
3.141036
3.141584
3.141427
3.143476
3.143845
3.141648
3.143734
3.142718
3.138895
3.142966
3.142500
3.140553
3.140498
3.142078
3.140161
3.143606
3.138697
3.139870
3.139067
3.140565
3.142164
3.140540
3.137097
3.141182
3.139450
3.141324
3.139092
3.142701
3.141301
3.142002
3.141114
3.142586
3.142510
3.141619
3.142822
3.143222
3.140899
3.141294
3.141921
3.142016
3.142046
3.143155
3.143177
3.142781
3.140529
3.138901
3.142085
3.144985
3.141712
3.140267
3.138568
3.139761
3.138645
3.143009
3.137110
3.143539
3.140921
3.139474
3.138079
3.140324
3.144025
3.140469
3.142640
3.139166
3.139148
3.137852
3.142566
3.138993
3.141527
3.144715
3.141906
3.140061
3.141837
3.138808
3.141853
3.142202
3.143825
3.142448
3.139109
3.142408
3.141012
3.142589
3.140608
3.142750
3.141843
3.141554
3.145355
3.139810
3.143824
3.140129
3.139389
3.141557
3.141862
3.141182
3.141692
3.143932
3.141159
3.142710
3.141732
3.140395
3.143049
3.142269
3.137733
3.144469
3.142722
3.141724
3.142439
3.140737
3.140389
3.145070
3.140912
3.142593
3.141423
3.139517
3.143564
3.142596
3.144876
3.140463
3.140581
3.141831
3.142923
3.145426
3.143159
3.142598
3.144124
3.141001
3.143452
3.141688
3.144178
3.140816
3.140352
3.143086
3.139351
3.138975
3.138845
3.141109
3.141227
3.140707
3.140902
3.142586
3.143358
3.140442
3.142800
3.141188
3.142494
3.141104
3.142241
3.141292
3.142409
3.142828
3.136589
3.140333
3.138799
3.142021
3.139549
3.140100
3.139978
3.141980
3.142507
3.139691
3.141356
3.141863
3.138836
3.143597
3.140759
3.142439
3.143206
3.141449
3.144906
3.144380
3.142488
3.143150
3.143352
3.142317
3.141783
3.142208
3.140734
3.143492
